40
0.000000000000000000e+00 0.000000000000000000e+00 9.999999999999999547e-08 0.000000000000000000e+00 9.999999999999999547e-08 2.500000000000000052e-09 0.000000000000000000e+00 2.500000000000000052e-09 1.000000000000000000e+00 0.000000000000000000e+00
0.000000000000000000e+00 2.500000000000000052e-09 9.999999999999999547e-08 2.500000000000000052e-09 9.999999999999999547e-08 5.000000000000000105e-09 0.000000000000000000e+00 5.000000000000000105e-09 1.000000000000000000e+00 0.000000000000000000e+00
0.000000000000000000e+00 5.000000000000000105e-09 9.999999999999999547e-08 5.000000000000000105e-09 9.999999999999999547e-08 7.500000000000000984e-09 0.000000000000000000e+00 7.500000000000000984e-09 1.000000000000000000e+00 0.000000000000000000e+00
0.000000000000000000e+00 7.500000000000000984e-09 9.999999999999999547e-08 7.500000000000000984e-09 9.999999999999999547e-08 1.000000000000000021e-08 0.000000000000000000e+00 1.000000000000000021e-08 1.000000000000000000e+00 0.000000000000000000e+00
0.000000000000000000e+00 1.000000000000000021e-08 9.999999999999999547e-08 1.000000000000000021e-08 9.999999999999999547e-08 1.249999999999999943e-08 0.000000000000000000e+00 1.249999999999999943e-08 1.000000000000000000e+00 0.000000000000000000e+00
0.000000000000000000e+00 1.249999999999999943e-08 9.999999999999999547e-08 1.249999999999999943e-08 9.999999999999999547e-08 1.499999999999999866e-08 0.000000000000000000e+00 1.499999999999999866e-08 1.000000000000000000e+00 0.000000000000000000e+00
0.000000000000000000e+00 1.500000000000000197e-08 9.999999999999999547e-08 1.500000000000000197e-08 9.999999999999999547e-08 1.750000000000000119e-08 0.000000000000000000e+00 1.750000000000000119e-08 1.000000000000000000e+00 0.000000000000000000e+00
0.000000000000000000e+00 1.750000000000000119e-08 9.999999999999999547e-08 1.750000000000000119e-08 9.999999999999999547e-08 2.000000000000000042e-08 0.000000000000000000e+00 2.000000000000000042e-08 1.000000000000000000e+00 0.000000000000000000e+00
0.000000000000000000e+00 2.000000000000000042e-08 9.999999999999999547e-08 2.000000000000000042e-08 9.999999999999999547e-08 2.249999999999999964e-08 0.000000000000000000e+00 2.249999999999999964e-08 1.000000000000000000e+00 0.000000000000000000e+00
0.000000000000000000e+00 2.249999999999999964e-08 9.999999999999999547e-08 2.249999999999999964e-08 9.999999999999999547e-08 2.499999999999999887e-08 0.000000000000000000e+00 2.499999999999999887e-08 1.000000000000000000e+00 0.000000000000000000e+00
0.000000000000000000e+00 2.499999999999999887e-08 9.999999999999999547e-08 2.499999999999999887e-08 9.999999999999999547e-08 2.749999999999999809e-08 0.000000000000000000e+00 2.749999999999999809e-08 1.000000000000000000e+00 0.000000000000000000e+00
0.000000000000000000e+00 2.750000000000000140e-08 9.999999999999999547e-08 2.750000000000000140e-08 9.999999999999999547e-08 3.000000000000000394e-08 0.000000000000000000e+00 3.000000000000000394e-08 1.000000000000000000e+00 0.000000000000000000e+00
0.000000000000000000e+00 3.000000000000000394e-08 9.999999999999999547e-08 3.000000000000000394e-08 9.999999999999999547e-08 3.250000000000000647e-08 0.000000000000000000e+00 3.250000000000000647e-08 1.000000000000000000e+00 0.000000000000000000e+00
0.000000000000000000e+00 3.249999999999999985e-08 9.999999999999999547e-08 3.249999999999999985e-08 9.999999999999999547e-08 3.500000000000000239e-08 0.000000000000000000e+00 3.500000000000000239e-08 1.000000000000000000e+00 0.000000000000000000e+00
0.000000000000000000e+00 3.500000000000000239e-08 9.999999999999999547e-08 3.500000000000000239e-08 9.999999999999999547e-08 3.750000000000000492e-08 0.000000000000000000e+00 3.750000000000000492e-08 1.000000000000000000e+00 0.000000000000000000e+00
0.000000000000000000e+00 3.749999999999999830e-08 9.999999999999999547e-08 3.749999999999999830e-08 9.999999999999999547e-08 4.000000000000000084e-08 0.000000000000000000e+00 4.000000000000000084e-08 1.000000000000000000e+00 0.000000000000000000e+00
0.000000000000000000e+00 4.000000000000000084e-08 9.999999999999999547e-08 4.000000000000000084e-08 9.999999999999999547e-08 4.250000000000000337e-08 0.000000000000000000e+00 4.250000000000000337e-08 1.000000000000000000e+00 0.000000000000000000e+00
0.000000000000000000e+00 4.250000000000000337e-08 9.999999999999999547e-08 4.250000000000000337e-08 9.999999999999999547e-08 4.500000000000000590e-08 0.000000000000000000e+00 4.500000000000000590e-08 1.000000000000000000e+00 0.000000000000000000e+00
0.000000000000000000e+00 4.499999999999999929e-08 9.999999999999999547e-08 4.499999999999999929e-08 9.999999999999999547e-08 4.750000000000000182e-08 0.000000000000000000e+00 4.750000000000000182e-08 1.000000000000000000e+00 0.000000000000000000e+00
0.000000000000000000e+00 4.750000000000000182e-08 9.999999999999999547e-08 4.750000000000000182e-08 9.999999999999999547e-08 5.000000000000000435e-08 0.000000000000000000e+00 5.000000000000000435e-08 1.000000000000000000e+00 0.000000000000000000e+00
0.000000000000000000e+00 4.999999999999999774e-08 9.999999999999999547e-08 4.999999999999999774e-08 9.999999999999999547e-08 5.250000000000000027e-08 0.000000000000000000e+00 5.250000000000000027e-08 1.000000000000000000e+00 0.000000000000000000e+00
0.000000000000000000e+00 5.250000000000000027e-08 9.999999999999999547e-08 5.250000000000000027e-08 9.999999999999999547e-08 5.500000000000000281e-08 0.000000000000000000e+00 5.500000000000000281e-08 1.000000000000000000e+00 0.000000000000000000e+00
0.000000000000000000e+00 5.500000000000000281e-08 9.999999999999999547e-08 5.500000000000000281e-08 9.999999999999999547e-08 5.750000000000000534e-08 0.000000000000000000e+00 5.750000000000000534e-08 1.000000000000000000e+00 0.000000000000000000e+00
0.000000000000000000e+00 5.749999999999999872e-08 9.999999999999999547e-08 5.749999999999999872e-08 9.999999999999999547e-08 5.999999999999999464e-08 0.000000000000000000e+00 5.999999999999999464e-08 1.000000000000000000e+00 0.000000000000000000e+00
0.000000000000000000e+00 6.000000000000000787e-08 9.999999999999999547e-08 6.000000000000000787e-08 9.999999999999999547e-08 6.250000000000001041e-08 0.000000000000000000e+00 6.250000000000001041e-08 1.000000000000000000e+00 0.000000000000000000e+00
0.000000000000000000e+00 6.249999999999999717e-08 9.999999999999999547e-08 6.249999999999999717e-08 9.999999999999999547e-08 6.499999999999999971e-08 0.000000000000000000e+00 6.499999999999999971e-08 1.000000000000000000e+00 0.000000000000000000e+00
0.000000000000000000e+00 6.499999999999999971e-08 9.999999999999999547e-08 6.499999999999999971e-08 9.999999999999999547e-08 6.750000000000000224e-08 0.000000000000000000e+00 6.750000000000000224e-08 1.000000000000000000e+00 0.000000000000000000e+00
0.000000000000000000e+00 6.750000000000000224e-08 9.999999999999999547e-08 6.750000000000000224e-08 9.999999999999999547e-08 7.000000000000000477e-08 0.000000000000000000e+00 7.000000000000000477e-08 1.000000000000000000e+00 0.000000000000000000e+00
0.000000000000000000e+00 7.000000000000000477e-08 9.999999999999999547e-08 7.000000000000000477e-08 9.999999999999999547e-08 7.250000000000000731e-08 0.000000000000000000e+00 7.250000000000000731e-08 1.000000000000000000e+00 0.000000000000000000e+00
0.000000000000000000e+00 7.250000000000000731e-08 9.999999999999999547e-08 7.250000000000000731e-08 9.999999999999999547e-08 7.500000000000000984e-08 0.000000000000000000e+00 7.500000000000000984e-08 1.000000000000000000e+00 0.000000000000000000e+00
0.000000000000000000e+00 7.499999999999999661e-08 9.999999999999999547e-08 7.499999999999999661e-08 9.999999999999999547e-08 7.749999999999999914e-08 0.000000000000000000e+00 7.749999999999999914e-08 1.000000000000000000e+00 0.000000000000000000e+00
0.000000000000000000e+00 7.749999999999999914e-08 9.999999999999999547e-08 7.749999999999999914e-08 9.999999999999999547e-08 8.000000000000000167e-08 0.000000000000000000e+00 8.000000000000000167e-08 1.000000000000000000e+00 0.000000000000000000e+00
0.000000000000000000e+00 8.000000000000000167e-08 9.999999999999999547e-08 8.000000000000000167e-08 9.999999999999999547e-08 8.250000000000000421e-08 0.000000000000000000e+00 8.250000000000000421e-08 1.000000000000000000e+00 0.000000000000000000e+00
0.000000000000000000e+00 8.250000000000000421e-08 9.999999999999999547e-08 8.250000000000000421e-08 9.999999999999999547e-08 8.500000000000000674e-08 0.000000000000000000e+00 8.500000000000000674e-08 1.000000000000000000e+00 0.000000000000000000e+00
0.000000000000000000e+00 8.500000000000000674e-08 9.999999999999999547e-08 8.500000000000000674e-08 9.999999999999999547e-08 8.750000000000000928e-08 0.000000000000000000e+00 8.750000000000000928e-08 1.000000000000000000e+00 0.000000000000000000e+00
0.000000000000000000e+00 8.749999999999999604e-08 9.999999999999999547e-08 8.749999999999999604e-08 9.999999999999999547e-08 8.999999999999999857e-08 0.000000000000000000e+00 8.999999999999999857e-08 1.000000000000000000e+00 0.000000000000000000e+00
0.000000000000000000e+00 8.999999999999999857e-08 9.999999999999999547e-08 8.999999999999999857e-08 9.999999999999999547e-08 9.250000000000000111e-08 0.000000000000000000e+00 9.250000000000000111e-08 1.000000000000000000e+00 0.000000000000000000e+00
0.000000000000000000e+00 9.250000000000000111e-08 9.999999999999999547e-08 9.250000000000000111e-08 9.999999999999999547e-08 9.500000000000000364e-08 0.000000000000000000e+00 9.500000000000000364e-08 1.000000000000000000e+00 0.000000000000000000e+00
0.000000000000000000e+00 9.500000000000000364e-08 9.999999999999999547e-08 9.500000000000000364e-08 9.999999999999999547e-08 9.750000000000000618e-08 0.000000000000000000e+00 9.750000000000000618e-08 1.000000000000000000e+00 0.000000000000000000e+00
0.000000000000000000e+00 9.750000000000000618e-08 9.999999999999999547e-08 9.750000000000000618e-08 9.999999999999999547e-08 1.000000000000000087e-07 0.000000000000000000e+00 1.000000000000000087e-07 1.000000000000000000e+00 0.000000000000000000e+00
