1399
3.6875e+10 7.9627e+08 8253.5 7.375e+10 8.1497e-07 1
1.1063e+11 2.5122e+09 8250.7 7.375e+10 6.9282e-07 1
1.8438e+11 5.3781e+09 8247.8 7.375e+10 5.3303e-07 1
2.5813e+11 9.1975e+09 8245 7.375e+10 3.9602e-07 1
3.3188e+11 1.3909e+10 8242.1 7.375e+10 2.9494e-07 1
4.0563e+11 2.0028e+10 8239.3 7.375e+10 2.236e-07 1
4.7938e+11 2.6552e+10 8236.4 7.375e+10 1.733e-07 1
5.5313e+11 3.4707e+10 8233.6 7.375e+10 1.3727e-07 1
6.2688e+11 4.3838e+10 8230.7 7.375e+10 1.1092e-07 1
7.0063e+11 5.3963e+10 8227.9 7.375e+10 9.1215e-08 1
7.7438e+11 6.509e+10 8225 7.375e+10 7.618e-08 1
8.4813e+11 7.7225e+10 8222.2 7.375e+10 6.4487e-08 1
9.2188e+11 9.0364e+10 8219.3 7.375e+10 5.5237e-08 1
9.9563e+11 1.045e+11 8216.5 7.375e+10 4.7808e-08 1
1.0694e+12 1.1962e+11 8213.6 7.375e+10 4.1759e-08 1
1.1431e+12 1.3569e+11 8210.8 7.375e+10 3.6774e-08 1
1.2169e+12 1.5271e+11 8207.9 7.375e+10 3.262e-08 1
1.2906e+12 1.7062e+11 8205.1 7.375e+10 2.9124e-08 1
1.3644e+12 1.9143e+11 8202.2 7.375e+10 2.6156e-08 1
1.4381e+12 2.1161e+11 8199.4 7.375e+10 2.3616e-08 1
1.5119e+12 2.3265e+11 8196.5 7.375e+10 2.1425e-08 1
1.5856e+12 2.5451e+11 8193.7 7.375e+10 1.9523e-08 1
1.6594e+12 2.7965e+11 8190.8 7.375e+10 1.7862e-08 1
1.7331e+12 3.038e+11 8188 7.375e+10 1.6403e-08 1
1.8069e+12 3.2871e+11 8185.1 7.375e+10 1.5115e-08 1
1.8806e+12 3.5697e+11 8182.3 7.375e+10 1.3971e-08 1
1.9544e+12 3.8419e+11 8179.4 7.375e+10 1.2952e-08 1
2.0281e+12 4.1205e+11 8176.6 7.375e+10 1.204e-08 1
2.1019e+12 4.4363e+11 8173.7 7.375e+10 1.1221e-08 1
2.1756e+12 4.738e+11 8170.9 7.375e+10 1.0482e-08 1
2.2494e+12 5.045e+11 8168 7.375e+10 9.8133e-09 1
2.3231e+12 5.3959e+11 8165.2 7.375e+10 9.2064e-09 1
2.3969e+12 5.7255e+11 8162.3 7.375e+10 8.654e-09 1
2.4706e+12 6.0947e+11 8159.5 7.375e+10 8.1496e-09 1
2.5444e+12 6.447e+11 8156.7 7.375e+10 7.6878e-09 1
2.6181e+12 6.8027e+11 8153.8 7.375e+10 7.2641e-09 1
2.6919e+12 7.2098e+11 8151 7.375e+10 6.8744e-09 1
2.7656e+12 7.5875e+11 8148.1 7.375e+10 6.5151e-09 1
2.8394e+12 8.0143e+11 8145.3 7.375e+10 6.1831e-09 1
2.9131e+12 8.4138e+11 8142.4 7.375e+10 5.8758e-09 1
2.9869e+12 8.8607e+11 8139.6 7.375e+10 5.5908e-09 1
3.0606e+12 9.2818e+11 8136.7 7.375e+10 5.3259e-09 1
3.1344e+12 9.7494e+11 8133.9 7.375e+10 5.0794e-09 1
3.2081e+12 1.0192e+12 8131 7.375e+10 4.8496e-09 1
3.2819e+12 1.068e+12 8128.2 7.375e+10 4.6349e-09 1
3.3556e+12 1.1144e+12 8125.3 7.375e+10 4.4342e-09 1
3.4294e+12 1.1654e+12 8122.5 7.375e+10 4.2462e-09 1
3.5031e+12 1.2138e+12 8119.6 7.375e+10 4.0698e-09 1
3.5769e+12 1.267e+12 8116.8 7.375e+10 3.9042e-09 1
3.6506e+12 1.3174e+12 8113.9 7.375e+10 3.7484e-09 1
3.7244e+12 1.3729e+12 8111.1 7.375e+10 3.6018e-09 1
3.7981e+12 1.4253e+12 8108.2 7.375e+10 3.4636e-09 1
3.8719e+12 1.4831e+12 8105.4 7.375e+10 3.3331e-09 1
3.9456e+12 1.5374e+12 8102.5 7.375e+10 3.2099e-09 1
4.0194e+12 1.5975e+12 8099.7 7.375e+10 3.0933e-09 1
4.0931e+12 1.6537e+12 8096.8 7.375e+10 2.983e-09 1
4.1669e+12 1.7162e+12 8094 7.375e+10 2.8784e-09 1
4.2406e+12 1.7741e+12 8091.1 7.375e+10 2.7793e-09 1
4.3144e+12 1.8391e+12 8088.3 7.375e+10 2.6851e-09 1
4.3881e+12 1.8987e+12 8085.4 7.375e+10 2.5956e-09 1
4.4619e+12 1.9662e+12 8082.6 7.375e+10 2.5105e-09 1
4.5356e+12 2.0337e+12 8079.7 7.375e+10 2.4296e-09 1
4.6094e+12 2.0975e+12 8076.9 7.375e+10 2.3524e-09 1
4.6831e+12 2.1676e+12 8074 7.375e+10 2.2789e-09 1
4.7569e+12 2.233e+12 8071.2 7.375e+10 2.2087e-09 1
4.8306e+12 2.3056e+12 8068.3 7.375e+10 2.1417e-09 1
4.9044e+12 2.3725e+12 8065.5 7.375e+10 2.0777e-09 1
4.9781e+12 2.4478e+12 8062.6 7.375e+10 2.0166e-09 1
5.0519e+12 2.5231e+12 8059.8 7.375e+10 1.958e-09 1
5.1256e+12 2.5942e+12 8056.9 7.375e+10 1.902e-09 1
5.1994e+12 2.6721e+12 8054.1 7.375e+10 1.8483e-09 1
5.2731e+12 2.7446e+12 8051.2 7.375e+10 1.7969e-09 1
5.3469e+12 2.8253e+12 8048.4 7.375e+10 1.7476e-09 1
5.4206e+12 2.906e+12 8045.5 7.375e+10 1.7002e-09 1
5.4944e+12 2.9825e+12 8042.7 7.375e+10 1.6548e-09 1
5.5681e+12 3.066e+12 8039.8 7.375e+10 1.6111e-09 1
5.6419e+12 3.1438e+12 8037 7.375e+10 1.5692e-09 1
5.7156e+12 3.2301e+12 8034.1 7.375e+10 1.5288e-09 1
5.7894e+12 3.3164e+12 8031.3 7.375e+10 1.49e-09 1
5.8631e+12 3.3982e+12 8028.4 7.375e+10 1.4526e-09 1
5.9369e+12 3.4874e+12 8025.6 7.375e+10 1.4166e-09 1
6.0106e+12 3.5702e+12 8022.7 7.375e+10 1.382e-09 1
6.0844e+12 3.6624e+12 8019.9 7.375e+10 1.3485e-09 1
6.1581e+12 3.7546e+12 8017 7.375e+10 1.3163e-09 1
6.2319e+12 3.8413e+12 8014.2 7.375e+10 1.2852e-09 1
6.3056e+12 3.9364e+12 8011.3 7.375e+10 1.2552e-09 1
6.3794e+12 4.024e+12 8008.5 7.375e+10 1.2262e-09 1
6.4531e+12 4.1222e+12 8005.6 7.375e+10 1.1982e-09 1
6.5269e+12 4.2204e+12 8002.8 7.375e+10 1.1711e-09 1
6.6006e+12 4.3118e+12 7999.9 7.375e+10 1.145e-09 1
6.6744e+12 4.4131e+12 7997.1 7.375e+10 1.1197e-09 1
6.7481e+12 4.5144e+12 7994.2 7.375e+10 1.0952e-09 1
6.8219e+12 4.6095e+12 7991.4 7.375e+10 1.0715e-09 1
6.8956e+12 4.7139e+12 7988.5 7.375e+10 1.0486e-09 1
6.9694e+12 4.8097e+12 7985.7 7.375e+10 1.0264e-09 1
7.0431e+12 4.9173e+12 7982.8 7.375e+10 1.0049e-09 1
7.1169e+12 5.0249e+12 7980 7.375e+10 9.8405e-10 1
7.1906e+12 5.1243e+12 7977.1 7.375e+10 9.6384e-10 1
7.2644e+12 5.2351e+12 7974.3 7.375e+10 9.4424e-10 1
7.3381e+12 5.3459e+12 7971.4 7.375e+10 9.2523e-10 1
7.4119e+12 5.449e+12 7968.6 7.375e+10 9.0678e-10 1
7.4856e+12 5.5631e+12 7965.7 7.375e+10 8.8887e-10 1
7.5594e+12 5.6772e+12 7962.9 7.375e+10 8.7149e-10 1
7.6331e+12 5.7838e+12 7960 7.375e+10 8.546e-10 1
7.7069e+12 5.9012e+12 7957.2 7.375e+10 8.382e-10 1
7.7806e+12 6.0186e+12 7954.3 7.375e+10 8.2226e-10 1
7.8544e+12 6.1287e+12 7951.5 7.375e+10 8.0677e-10 1
7.9281e+12 6.2495e+12 7948.6 7.375e+10 7.917e-10 1
8.0019e+12 6.3703e+12 7945.8 7.375e+10 7.7706e-10 1
8.0756e+12 6.4839e+12 7942.9 7.375e+10 7.628e-10 1
8.1494e+12 6.6081e+12 7940.1 7.375e+10 7.4894e-10 1
8.2231e+12 6.7324e+12 7937.2 7.375e+10 7.3545e-10 1
8.2969e+12 6.8493e+12 7934.4 7.375e+10 7.2231e-10 1
8.3706e+12 6.977e+12 7931.5 7.375e+10 7.0952e-10 1
8.4444e+12 7.1047e+12 7928.7 7.375e+10 6.9706e-10 1
8.5181e+12 7.225e+12 7925.8 7.375e+10 6.8492e-10 1
8.5919e+12 7.3563e+12 7923 7.375e+10 6.731e-10 1
8.6656e+12 7.4875e+12 7920.1 7.375e+10 6.6157e-10 1
8.7394e+12 7.611e+12 7917.3 7.375e+10 6.5034e-10 1
8.8131e+12 7.7459e+12 7914.4 7.375e+10 6.3939e-10 1
8.8869e+12 7.8807e+12 7911.6 7.375e+10 6.287e-10 1
8.9606e+12 8.0074e+12 7908.7 7.375e+10 6.1828e-10 1
9.0344e+12 8.1458e+12 7905.9 7.375e+10 6.0812e-10 1
9.1081e+12 8.2843e+12 7903 7.375e+10 5.982e-10 1
9.1819e+12 8.4141e+12 7900.2 7.375e+10 5.8851e-10 1
9.2556e+12 8.5562e+12 7897.3 7.375e+10 5.7906e-10 1
9.3294e+12 8.6984e+12 7894.5 7.375e+10 5.6983e-10 1
9.4031e+12 8.8312e+12 7891.6 7.375e+10 5.6082e-10 1
9.4769e+12 8.9771e+12 7888.8 7.375e+10 5.5202e-10 1
9.5506e+12 9.1229e+12 7885.9 7.375e+10 5.4342e-10 1
9.6244e+12 9.2587e+12 7883.1 7.375e+10 5.3501e-10 1
9.6981e+12 9.4083e+12 7880.2 7.375e+10 5.268e-10 1
9.7719e+12 9.558e+12 7877.4 7.375e+10 5.1877e-10 1
9.8456e+12 9.6816e+12 7874.8 7.375e+10 5.1093e-10 1
9.9194e+12 9.8403e+12 7871.9 7.375e+10 5.0325e-10 1
9.9931e+12 9.999e+12 7868.9 7.375e+10 4.9575e-10 1
1.0067e+13 1.0136e+13 7866.1 7.375e+10 4.8841e-10 1
1.0141e+13 1.0302e+13 7863.1 7.375e+10 4.8123e-10 1
1.0214e+13 1.0467e+13 7860.2 7.375e+10 4.742e-10 1
1.0288e+13 1.0633e+13 7857.2 7.375e+10 4.6733e-10 1
1.0362e+13 1.0788e+13 7854.2 7.375e+10 4.606e-10 1
1.0436e+13 1.0958e+13 7851.2 7.375e+10 4.5401e-10 1
1.0509e+13 1.1128e+13 7848.2 7.375e+10 4.4756e-10 1
1.0583e+13 1.1287e+13 7845.2 7.375e+10 4.4125e-10 1
1.0657e+13 1.1461e+13 7842.2 7.375e+10 4.3506e-10 1
1.0731e+13 1.1636e+13 7839.2 7.375e+10 4.2901e-10 1
1.0804e+13 1.1797e+13 7836.2 7.375e+10 4.2307e-10 1
1.0878e+13 1.1975e+13 7833.2 7.375e+10 4.1726e-10 1
1.0952e+13 1.2154e+13 7830.2 7.375e+10 4.1156e-10 1
1.1026e+13 1.2318e+13 7827.2 7.375e+10 4.0598e-10 1
1.1099e+13 1.2501e+13 7824.2 7.375e+10 4.0051e-10 1
1.1173e+13 1.2685e+13 7821.2 7.375e+10 3.9515e-10 1
1.1247e+13 1.2868e+13 7818.2 7.375e+10 3.8989e-10 1
1.1321e+13 1.3039e+13 7815.2 7.375e+10 3.8473e-10 1
1.1394e+13 1.3227e+13 7812.2 7.375e+10 3.7968e-10 1
1.1468e+13 1.3415e+13 7809.2 7.375e+10 3.7472e-10 1
1.1542e+13 1.3588e+13 7806.2 7.375e+10 3.6985e-10 1
1.1616e+13 1.3781e+13 7803.2 7.375e+10 3.6508e-10 1
1.1689e+13 1.3973e+13 7800.2 7.375e+10 3.604e-10 1
1.1763e+13 1.4166e+13 7797.2 7.375e+10 3.5581e-10 1
1.1837e+13 1.4346e+13 7794.2 7.375e+10 3.513e-10 1
1.1911e+13 1.4544e+13 7791.2 7.375e+10 3.4687e-10 1
1.1984e+13 1.4741e+13 7788.2 7.375e+10 3.4253e-10 1
1.2058e+13 1.4924e+13 7785.3 7.375e+10 3.3826e-10 1
1.2132e+13 1.5126e+13 7782.3 7.375e+10 3.3408e-10 1
1.2206e+13 1.5328e+13 7779.3 7.375e+10 3.2997e-10 1
1.2279e+13 1.5529e+13 7776.3 7.375e+10 3.2593e-10 1
1.2353e+13 1.5719e+13 7773.3 7.375e+10 3.2197e-10 1
1.2427e+13 1.5926e+13 7770.3 7.375e+10 3.1807e-10 1
1.2501e+13 1.6133e+13 7767.3 7.375e+10 3.1425e-10 1
1.2574e+13 1.6325e+13 7764.3 7.375e+10 3.1049e-10 1
1.2648e+13 1.6536e+13 7761.3 7.375e+10 3.0679e-10 1
1.2722e+13 1.6748e+13 7758.3 7.375e+10 3.0317e-10 1
1.2796e+13 1.6959e+13 7755.3 7.375e+10 2.996e-10 1
1.2869e+13 1.7158e+13 7752.3 7.375e+10 2.9609e-10 1
1.2943e+13 1.7375e+13 7749.3 7.375e+10 2.9265e-10 1
1.3017e+13 1.7591e+13 7746.3 7.375e+10 2.8926e-10 1
1.3091e+13 1.7792e+13 7743.3 7.375e+10 2.8593e-10 1
1.3164e+13 1.8013e+13 7740.3 7.375e+10 2.8266e-10 1
1.3238e+13 1.8235e+13 7737.3 7.375e+10 2.7944e-10 1
1.3312e+13 1.8456e+13 7734.3 7.375e+10 2.7627e-10 1
1.3386e+13 1.8664e+13 7731.3 7.375e+10 2.7316e-10 1
1.3459e+13 1.889e+13 7728.3 7.375e+10 2.7009e-10 1
1.3533e+13 1.9117e+13 7725.3 7.375e+10 2.6708e-10 1
1.3607e+13 1.9326e+13 7722.3 7.375e+10 2.6412e-10 1
1.3681e+13 1.9557e+13 7719.3 7.375e+10 2.612e-10 1
1.3754e+13 1.9789e+13 7716.3 7.375e+10 2.5833e-10 1
1.3828e+13 2.002e+13 7713.4 7.375e+10 2.5551e-10 1
1.3902e+13 2.0236e+13 7710.4 7.375e+10 2.5273e-10 1
1.3976e+13 2.0473e+13 7707.4 7.375e+10 2.5e-10 1
1.4049e+13 2.071e+13 7704.4 7.375e+10 2.473e-10 1
1.4123e+13 2.0946e+13 7701.4 7.375e+10 2.4465e-10 1
1.4197e+13 2.1169e+13 7698.4 7.375e+10 2.4205e-10 1
1.4271e+13 2.1411e+13 7695.4 7.375e+10 2.3948e-10 1
1.4344e+13 2.1652e+13 7692.4 7.375e+10 2.3695e-10 1
1.4418e+13 2.1876e+13 7689.4 7.375e+10 2.3446e-10 1
1.4492e+13 2.2123e+13 7686.4 7.375e+10 2.3201e-10 1
1.4566e+13 2.237e+13 7683.4 7.375e+10 2.2959e-10 1
1.4639e+13 2.2617e+13 7680.4 7.375e+10 2.2721e-10 1
1.4713e+13 2.2848e+13 7677.4 7.375e+10 2.2487e-10 1
1.4787e+13 2.31e+13 7674.4 7.375e+10 2.2256e-10 1
1.4861e+13 2.3353e+13 7671.4 7.375e+10 2.2029e-10 1
1.4934e+13 2.3605e+13 7668.4 7.375e+10 2.1805e-10 1
1.5008e+13 2.3842e+13 7665.4 7.375e+10 2.1584e-10 1
1.5082e+13 2.4099e+13 7662.4 7.375e+10 2.1367e-10 1
1.5156e+13 2.4357e+13 7659.4 7.375e+10 2.1153e-10 1
1.5229e+13 2.4595e+13 7656.4 7.375e+10 2.0941e-10 1
1.5303e+13 2.4858e+13 7653.4 7.375e+10 2.0733e-10 1
1.5377e+13 2.5121e+13 7650.4 7.375e+10 2.0528e-10 1
1.5451e+13 2.5384e+13 7647.4 7.375e+10 2.0326e-10 1
1.5524e+13 2.5629e+13 7644.4 7.375e+10 2.0127e-10 1
1.5598e+13 2.5897e+13 7641.5 7.375e+10 1.993e-10 1
1.5672e+13 2.6166e+13 7638.5 7.375e+10 1.9737e-10 1
1.5746e+13 2.6434e+13 7635.5 7.375e+10 1.9546e-10 1
1.5819e+13 2.6685e+13 7632.5 7.375e+10 1.9357e-10 1
1.5893e+13 2.6959e+13 7629.5 7.375e+10 1.9172e-10 1
1.5967e+13 2.7233e+13 7626.5 7.375e+10 1.8988e-10 1
1.6041e+13 2.7507e+13 7623.5 7.375e+10 1.8808e-10 1
1.6114e+13 2.7764e+13 7620.5 7.375e+10 1.863e-10 1
1.6188e+13 2.8044e+13 7617.5 7.375e+10 1.8454e-10 1
1.6262e+13 2.8323e+13 7614.5 7.375e+10 1.8281e-10 1
1.6336e+13 2.8603e+13 7611.5 7.375e+10 1.811e-10 1
1.6409e+13 2.8866e+13 7608.5 7.375e+10 1.7941e-10 1
1.6483e+13 2.9151e+13 7605.5 7.375e+10 1.7775e-10 1
1.6557e+13 2.9437e+13 7602.5 7.375e+10 1.761e-10 1
1.6631e+13 2.97e+13 7599.5 7.375e+10 1.7448e-10 1
1.6704e+13 2.9991e+13 7596.5 7.375e+10 1.7289e-10 1
1.6778e+13 3.0282e+13 7593.5 7.375e+10 1.7131e-10 1
1.6852e+13 3.0573e+13 7590.5 7.375e+10 1.6975e-10 1
1.6926e+13 3.0843e+13 7587.5 7.375e+10 1.6821e-10 1
1.6999e+13 3.114e+13 7584.5 7.375e+10 1.667e-10 1
1.7073e+13 3.1436e+13 7581.5 7.375e+10 1.652e-10 1
1.7147e+13 3.1733e+13 7578.5 7.375e+10 1.6372e-10 1
1.7221e+13 3.2009e+13 7575.5 7.375e+10 1.6227e-10 1
1.7294e+13 3.2311e+13 7572.5 7.375e+10 1.6083e-10 1
1.7368e+13 3.2614e+13 7569.5 7.375e+10 1.594e-10 1
1.7442e+13 3.2916e+13 7566.6 7.375e+10 1.58e-10 1
1.7516e+13 3.3198e+13 7563.6 7.375e+10 1.5662e-10 1
1.7589e+13 3.3506e+13 7560.6 7.375e+10 1.5525e-10 1
1.7663e+13 3.3815e+13 7557.6 7.375e+10 1.539e-10 1
1.7737e+13 3.4123e+13 7554.6 7.375e+10 1.5256e-10 1
1.7811e+13 3.4411e+13 7551.6 7.375e+10 1.5124e-10 1
1.7884e+13 3.4725e+13 7548.6 7.375e+10 1.4994e-10 1
1.7958e+13 3.5039e+13 7545.6 7.375e+10 1.4866e-10 1
1.8032e+13 3.5353e+13 7542.6 7.375e+10 1.4739e-10 1
1.8106e+13 3.5647e+13 7539.6 7.375e+10 1.4613e-10 1
1.8179e+13 3.5967e+13 7536.6 7.375e+10 1.4489e-10 1
1.8253e+13 3.6287e+13 7533.6 7.375e+10 1.4367e-10 1
1.8327e+13 3.6607e+13 7530.6 7.375e+10 1.4246e-10 1
1.8401e+13 3.6907e+13 7527.6 7.375e+10 1.4127e-10 1
1.8474e+13 3.7233e+13 7524.6 7.375e+10 1.4009e-10 1
1.8548e+13 3.7559e+13 7521.6 7.375e+10 1.3892e-10 1
1.8622e+13 3.7886e+13 7518.6 7.375e+10 1.3777e-10 1
1.8696e+13 3.8191e+13 7515.6 7.375e+10 1.3663e-10 1
1.8769e+13 3.8523e+13 7512.6 7.375e+10 1.3551e-10 1
1.8843e+13 3.8855e+13 7509.6 7.375e+10 1.3439e-10 1
1.8917e+13 3.9188e+13 7506.6 7.375e+10 1.333e-10 1
1.8991e+13 3.9498e+13 7503.6 7.375e+10 1.3221e-10 1
1.9064e+13 3.9837e+13 7500.6 7.375e+10 1.3114e-10 1
1.9138e+13 4.0175e+13 7497.6 7.375e+10 1.3007e-10 1
1.9212e+13 4.0514e+13 7494.7 7.375e+10 1.2903e-10 1
1.9286e+13 4.0828e+13 7491.7 7.375e+10 1.2799e-10 1
1.9359e+13 4.1173e+13 7488.7 7.375e+10 1.2696e-10 1
1.9433e+13 4.1518e+13 7485.7 7.375e+10 1.2595e-10 1
1.9507e+13 4.1864e+13 7482.7 7.375e+10 1.2495e-10 1
1.9581e+13 4.212e+13 7480.2 7.375e+10 1.2396e-10 1
1.9654e+13 4.249e+13 7477.1 7.375e+10 1.2298e-10 1
1.9728e+13 4.286e+13 7473.9 7.375e+10 1.2201e-10 1
1.9802e+13 4.323e+13 7470.8 7.375e+10 1.2105e-10 1
1.9876e+13 4.3574e+13 7467.6 7.375e+10 1.2011e-10 1
1.9949e+13 4.3952e+13 7464.4 7.375e+10 1.1917e-10 1
2.0023e+13 4.4329e+13 7461.3 7.375e+10 1.1825e-10 1
2.0097e+13 4.4706e+13 7458.1 7.375e+10 1.1733e-10 1
2.0171e+13 4.5056e+13 7455 7.375e+10 1.1643e-10 1
2.0244e+13 4.544e+13 7451.8 7.375e+10 1.1553e-10 1
2.0318e+13 4.5824e+13 7448.6 7.375e+10 1.1464e-10 1
2.0392e+13 4.6208e+13 7445.5 7.375e+10 1.1377e-10 1
2.0466e+13 4.6565e+13 7442.3 7.375e+10 1.129e-10 1
2.0539e+13 4.6956e+13 7439.2 7.375e+10 1.1204e-10 1
2.0613e+13 4.7347e+13 7436 7.375e+10 1.112e-10 1
2.0687e+13 4.7739e+13 7432.9 7.375e+10 1.1036e-10 1
2.0761e+13 4.8101e+13 7429.7 7.375e+10 1.0953e-10 1
2.0834e+13 4.85e+13 7426.5 7.375e+10 1.0871e-10 1
2.0908e+13 4.8898e+13 7423.4 7.375e+10 1.0789e-10 1
2.0982e+13 4.9296e+13 7420.2 7.375e+10 1.0709e-10 1
2.1056e+13 4.9695e+13 7417.1 7.375e+10 1.0629e-10 1
2.1129e+13 5.0071e+13 7413.9 7.375e+10 1.0551e-10 1
2.1203e+13 5.0476e+13 7410.8 7.375e+10 1.0473e-10 1
2.1277e+13 5.0882e+13 7407.6 7.375e+10 1.0396e-10 1
2.1351e+13 5.1288e+13 7404.4 7.375e+10 1.0319e-10 1
2.1424e+13 5.1669e+13 7401.3 7.375e+10 1.0244e-10 1
2.1498e+13 5.2082e+13 7398.1 7.375e+10 1.0169e-10 1
2.1572e+13 5.2495e+13 7395 7.375e+10 1.0095e-10 1
2.1646e+13 5.2908e+13 7391.8 7.375e+10 1.0022e-10 1
2.1719e+13 5.3296e+13 7388.6 7.375e+10 9.9498e-11 1
2.1793e+13 5.3716e+13 7385.5 7.375e+10 9.8781e-11 1
2.1867e+13 5.4137e+13 7382.3 7.375e+10 9.8072e-11 1
2.1941e+13 5.4557e+13 7379.2 7.375e+10 9.7369e-11 1
2.2014e+13 5.495e+13 7376 7.375e+10 9.6674e-11 1
2.2088e+13 5.5378e+13 7372.9 7.375e+10 9.5986e-11 1
2.2162e+13 5.5806e+13 7369.7 7.375e+10 9.5304e-11 1
2.2236e+13 5.6234e+13 7366.5 7.375e+10 9.463e-11 1
2.2309e+13 5.6633e+13 7363.4 7.375e+10 9.3962e-11 1
2.2383e+13 5.7068e+13 7360.2 7.375e+10 9.3301e-11 1
2.2457e+13 5.7504e+13 7357.1 7.375e+10 9.2646e-11 1
2.2531e+13 5.7939e+13 7353.9 7.375e+10 9.1998e-11 1
2.2604e+13 5.8344e+13 7350.7 7.375e+10 9.1356e-11 1
2.2678e+13 5.8787e+13 7347.6 7.375e+10 9.072e-11 1
2.2752e+13 5.923e+13 7344.4 7.375e+10 9.0091e-11 1
2.2826e+13 5.9673e+13 7341.3 7.375e+10 8.9468e-11 1
2.2899e+13 6.0116e+13 7338.1 7.375e+10 8.885e-11 1
2.2973e+13 6.0534e+13 7335 7.375e+10 8.8239e-11 1
2.3047e+13 6.0984e+13 7331.8 7.375e+10 8.7634e-11 1
2.3121e+13 6.1435e+13 7328.6 7.375e+10 8.7034e-11 1
2.3194e+13 6.1885e+13 7325.5 7.375e+10 8.6441e-11 1
2.3268e+13 6.2309e+13 7322.3 7.375e+10 8.5853e-11 1
2.3342e+13 6.2768e+13 7319.2 7.375e+10 8.527e-11 1
2.3416e+13 6.3226e+13 7316 7.375e+10 8.4693e-11 1
2.3489e+13 6.3684e+13 7312.8 7.375e+10 8.4122e-11 1
2.3563e+13 6.4114e+13 7309.7 7.375e+10 8.3556e-11 1
2.3637e+13 6.458e+13 7306.5 7.375e+10 8.2995e-11 1
2.3711e+13 6.5045e+13 7303.4 7.375e+10 8.2439e-11 1
2.3784e+13 6.5511e+13 7300.2 7.375e+10 8.1889e-11 1
2.3858e+13 6.5947e+13 7297.1 7.375e+10 8.1344e-11 1
2.3932e+13 6.642e+13 7293.9 7.375e+10 8.0804e-11 1
2.4006e+13 6.6894e+13 7290.7 7.375e+10 8.0269e-11 1
2.4079e+13 6.7368e+13 7287.6 7.375e+10 7.9739e-11 1
2.4153e+13 6.7809e+13 7284.4 7.375e+10 7.9213e-11 1
2.4227e+13 6.829e+13 7281.3 7.375e+10 7.8693e-11 1
2.4301e+13 6.8772e+13 7278.1 7.375e+10 7.8177e-11 1
2.4374e+13 6.9254e+13 7275 7.375e+10 7.7666e-11 1
2.4448e+13 6.9735e+13 7271.8 7.375e+10 7.716e-11 1
2.4522e+13 7.019e+13 7268.6 7.375e+10 7.6658e-11 1
2.4596e+13 7.0679e+13 7265.5 7.375e+10 7.6161e-11 1
2.4669e+13 7.1169e+13 7262.3 7.375e+10 7.5669e-11 1
2.4743e+13 7.1658e+13 7259.2 7.375e+10 7.518e-11 1
2.4817e+13 7.2118e+13 7256 7.375e+10 7.4697e-11 1
2.4891e+13 7.2616e+13 7252.8 7.375e+10 7.4217e-11 1
2.4964e+13 7.3113e+13 7249.7 7.375e+10 7.3742e-11 1
2.5038e+13 7.3611e+13 7246.5 7.375e+10 7.3271e-11 1
2.5112e+13 7.4076e+13 7243.4 7.375e+10 7.2804e-11 1
2.5186e+13 7.4582e+13 7240.2 7.375e+10 7.2341e-11 1
2.5259e+13 7.5087e+13 7237.1 7.375e+10 7.1883e-11 1
2.5333e+13 7.5593e+13 7233.9 7.375e+10 7.1428e-11 1
2.5407e+13 7.6064e+13 7230.7 7.375e+10 7.0978e-11 1
2.5481e+13 7.6577e+13 7227.6 7.375e+10 7.0531e-11 1
2.5554e+13 7.7091e+13 7224.4 7.375e+10 7.0088e-11 1
2.5628e+13 7.7605e+13 7221.3 7.375e+10 6.9649e-11 1
2.5702e+13 7.8118e+13 7218.1 7.375e+10 6.9214e-11 1
2.5776e+13 7.8603e+13 7214.9 7.375e+10 6.8783e-11 1
2.5849e+13 7.9125e+13 7211.8 7.375e+10 6.8355e-11 1
2.5923e+13 7.9647e+13 7208.6 7.375e+10 6.7932e-11 1
2.5997e+13 8.0169e+13 7205.5 7.375e+10 6.7511e-11 1
2.6071e+13 8.0659e+13 7202.3 7.375e+10 6.7095e-11 1
2.6144e+13 8.1189e+13 7199.2 7.375e+10 6.6682e-11 1
2.6218e+13 8.1719e+13 7196 7.375e+10 6.6272e-11 1
2.6292e+13 8.2249e+13 7192.8 7.375e+10 6.5866e-11 1
2.6366e+13 8.2744e+13 7189.7 7.375e+10 6.5463e-11 1
2.6439e+13 8.3283e+13 7186.5 7.375e+10 6.5064e-11 1
2.6513e+13 8.3821e+13 7183.4 7.375e+10 6.4668e-11 1
2.6587e+13 8.4359e+13 7180.2 7.375e+10 6.4275e-11 1
2.6661e+13 8.4898e+13 7177 7.375e+10 6.3886e-11 1
2.6734e+13 8.5407e+13 7173.9 7.375e+10 6.35e-11 1
2.6808e+13 8.5954e+13 7170.7 7.375e+10 6.3117e-11 1
2.6882e+13 8.65e+13 7167.6 7.375e+10 6.2738e-11 1
2.6956e+13 8.7047e+13 7164.4 7.375e+10 6.2361e-11 1
2.7029e+13 8.7562e+13 7161.3 7.375e+10 6.1988e-11 1
2.7103e+13 8.8117e+13 7158.1 7.375e+10 6.1618e-11 1
2.7177e+13 8.8672e+13 7154.9 7.375e+10 6.125e-11 1
2.7251e+13 8.9227e+13 7151.8 7.375e+10 6.0886e-11 1
2.7324e+13 8.9747e+13 7148.6 7.375e+10 6.0525e-11 1
2.7398e+13 9.0311e+13 7145.5 7.375e+10 6.0167e-11 1
2.7472e+13 9.0874e+13 7142.3 7.375e+10 5.9811e-11 1
2.7546e+13 9.1438e+13 7139.1 7.375e+10 5.9459e-11 1
2.7619e+13 9.2001e+13 7136 7.375e+10 5.9109e-11 1
2.7693e+13 9.2535e+13 7132.8 7.375e+10 5.8762e-11 1
2.7767e+13 9.3108e+13 7129.7 7.375e+10 5.8418e-11 1
2.7841e+13 9.368e+13 7126.5 7.375e+10 5.8077e-11 1
2.7914e+13 9.4252e+13 7123.4 7.375e+10 5.7738e-11 1
2.7988e+13 9.4791e+13 7120.2 7.375e+10 5.7403e-11 1
2.8062e+13 9.5372e+13 7117 7.375e+10 5.707e-11 1
2.8136e+13 9.5953e+13 7113.9 7.375e+10 5.6739e-11 1
2.8209e+13 9.6533e+13 7110.7 7.375e+10 5.6411e-11 1
2.8283e+13 9.7078e+13 7107.6 7.375e+10 5.6086e-11 1
2.8357e+13 9.7668e+13 7104.4 7.375e+10 5.5763e-11 1
2.8431e+13 9.8257e+13 7101.3 7.375e+10 5.5443e-11 1
2.8504e+13 9.8846e+13 7098.1 7.375e+10 5.5126e-11 1
2.8578e+13 9.9435e+13 7094.9 7.375e+10 5.481e-11 1
2.8652e+13 9.9921e+13 7092.2 7.375e+10 5.4498e-11 1
2.8726e+13 1.0054e+14 7088.9 7.375e+10 5.4187e-11 1
2.8799e+13 1.0116e+14 7085.6 7.375e+10 5.388e-11 1
2.8873e+13 1.0178e+14 7082.4 7.375e+10 5.3574e-11 1
2.8947e+13 1.0231e+14 7079.4 7.375e+10 5.3271e-11 1
2.9021e+13 1.0295e+14 7076 7.375e+10 5.297e-11 1
2.9094e+13 1.0359e+14 7072.7 7.375e+10 5.2672e-11 1
2.9168e+13 1.0424e+14 7069.3 7.375e+10 5.2376e-11 1
2.9242e+13 1.0484e+14 7066 7.375e+10 5.2082e-11 1
2.9316e+13 1.0549e+14 7062.7 7.375e+10 5.1791e-11 1
2.9389e+13 1.0614e+14 7059.3 7.375e+10 5.1501e-11 1
2.9463e+13 1.0679e+14 7056 7.375e+10 5.1214e-11 1
2.9537e+13 1.0744e+14 7052.6 7.375e+10 5.0929e-11 1
2.9611e+13 1.0806e+14 7049.3 7.375e+10 5.0646e-11 1
2.9684e+13 1.0872e+14 7046 7.375e+10 5.0366e-11 1
2.9758e+13 1.0939e+14 7042.6 7.375e+10 5.0087e-11 1
2.9832e+13 1.1005e+14 7039.3 7.375e+10 4.9811e-11 1
2.9906e+13 1.1067e+14 7035.9 7.375e+10 4.9536e-11 1
2.9979e+13 1.1134e+14 7032.6 7.375e+10 4.9264e-11 1
3.0053e+13 1.1201e+14 7029.3 7.375e+10 4.8994e-11 1
3.0127e+13 1.1269e+14 7025.9 7.375e+10 4.8725e-11 1
3.0201e+13 1.1332e+14 7022.6 7.375e+10 4.8459e-11 1
3.0274e+13 1.14e+14 7019.3 7.375e+10 4.8195e-11 1
3.0348e+13 1.1468e+14 7015.9 7.375e+10 4.7932e-11 1
3.0422e+13 1.1536e+14 7012.6 7.375e+10 4.7672e-11 1
3.0496e+13 1.1604e+14 7009.2 7.375e+10 4.7413e-11 1
3.0569e+13 1.1669e+14 7005.9 7.375e+10 4.7157e-11 1
3.0643e+13 1.1738e+14 7002.6 7.375e+10 4.6902e-11 1
3.0717e+13 1.1807e+14 6999.2 7.375e+10 4.6649e-11 1
3.0791e+13 1.1876e+14 6995.9 7.375e+10 4.6398e-11 1
3.0864e+13 1.1942e+14 6992.5 7.375e+10 4.6149e-11 1
3.0938e+13 1.2012e+14 6989.2 7.375e+10 4.5902e-11 1
3.1012e+13 1.2082e+14 6985.9 7.375e+10 4.5656e-11 1
3.1086e+13 1.2152e+14 6982.5 7.375e+10 4.5413e-11 1
3.1159e+13 1.2218e+14 6979.2 7.375e+10 4.5171e-11 1
3.1233e+13 1.2289e+14 6975.8 7.375e+10 4.493e-11 1
3.1307e+13 1.2361e+14 6972.5 7.375e+10 4.4692e-11 1
3.1381e+13 1.2432e+14 6969.2 7.375e+10 4.4455e-11 1
3.1454e+13 1.2503e+14 6965.8 7.375e+10 4.422e-11 1
3.1528e+13 1.2571e+14 6962.5 7.375e+10 4.3986e-11 1
3.1602e+13 1.2643e+14 6959.2 7.375e+10 4.3755e-11 1
3.1676e+13 1.2715e+14 6955.8 7.375e+10 4.3525e-11 1
3.1749e+13 1.2787e+14 6952.5 7.375e+10 4.3296e-11 1
3.1823e+13 1.2856e+14 6949.1 7.375e+10 4.3069e-11 1
3.1897e+13 1.2929e+14 6945.8 7.375e+10 4.2844e-11 1
3.1971e+13 1.3002e+14 6942.5 7.375e+10 4.262e-11 1
3.2044e+13 1.3075e+14 6939.1 7.375e+10 4.2398e-11 1
3.2118e+13 1.3144e+14 6935.8 7.375e+10 4.2178e-11 1
3.2192e+13 1.3219e+14 6932.4 7.375e+10 4.1959e-11 1
3.2266e+13 1.3293e+14 6929.1 7.375e+10 4.1741e-11 1
3.2339e+13 1.3367e+14 6925.8 7.375e+10 4.1525e-11 1
3.2413e+13 1.3442e+14 6922.4 7.375e+10 4.1311e-11 1
3.2487e+13 1.3512e+14 6919.1 7.375e+10 4.1098e-11 1
3.2561e+13 1.3587e+14 6915.7 7.375e+10 4.0886e-11 1
3.2634e+13 1.3663e+14 6912.4 7.375e+10 4.0676e-11 1
3.2708e+13 1.3738e+14 6909.1 7.375e+10 4.0468e-11 1
3.2782e+13 1.3809e+14 6905.7 7.375e+10 4.0261e-11 1
3.2856e+13 1.3886e+14 6902.4 7.375e+10 4.0055e-11 1
3.2929e+13 1.3962e+14 6899 7.375e+10 3.9851e-11 1
3.3003e+13 1.4039e+14 6895.7 7.375e+10 3.9648e-11 1
3.3077e+13 1.4111e+14 6892.4 7.375e+10 3.9446e-11 1
3.3151e+13 1.4188e+14 6889 7.375e+10 3.9246e-11 1
3.3224e+13 1.4266e+14 6885.7 7.375e+10 3.9047e-11 1
3.3298e+13 1.4343e+14 6882.4 7.375e+10 3.885e-11 1
3.3372e+13 1.442e+14 6879 7.375e+10 3.8654e-11 1
3.3446e+13 1.4494e+14 6875.7 7.375e+10 3.8459e-11 1
3.3519e+13 1.4573e+14 6872.3 7.375e+10 3.8266e-11 1
3.3593e+13 1.4651e+14 6869 7.375e+10 3.8074e-11 1
3.3667e+13 1.473e+14 6865.7 7.375e+10 3.7883e-11 1
3.3741e+13 1.4804e+14 6862.3 7.375e+10 3.7693e-11 1
3.3814e+13 1.4884e+14 6859 7.375e+10 3.7505e-11 1
3.3888e+13 1.4963e+14 6855.6 7.375e+10 3.7318e-11 1
3.3962e+13 1.5043e+14 6852.3 7.375e+10 3.7132e-11 1
3.4036e+13 1.5118e+14 6849 7.375e+10 3.6947e-11 1
3.4109e+13 1.5199e+14 6845.6 7.375e+10 3.6764e-11 1
3.4183e+13 1.5279e+14 6842.3 7.375e+10 3.6582e-11 1
3.4257e+13 1.536e+14 6838.9 7.375e+10 3.6401e-11 1
3.4331e+13 1.5441e+14 6835.6 7.375e+10 3.6221e-11 1
3.4404e+13 1.5518e+14 6832.3 7.375e+10 3.6043e-11 1
3.4478e+13 1.5599e+14 6828.9 7.375e+10 3.5866e-11 1
3.4552e+13 1.5681e+14 6825.6 7.375e+10 3.5689e-11 1
3.4626e+13 1.5763e+14 6822.3 7.375e+10 3.5514e-11 1
3.4699e+13 1.584e+14 6818.9 7.375e+10 3.5341e-11 1
3.4773e+13 1.5923e+14 6815.6 7.375e+10 3.5168e-11 1
3.4847e+13 1.6006e+14 6812.2 7.375e+10 3.4996e-11 1
3.4921e+13 1.6089e+14 6808.9 7.375e+10 3.4826e-11 1
3.4994e+13 1.6167e+14 6805.6 7.375e+10 3.4656e-11 1
3.5068e+13 1.6251e+14 6802.2 7.375e+10 3.4488e-11 1
3.5142e+13 1.6335e+14 6798.9 7.375e+10 3.4321e-11 1
3.5216e+13 1.6419e+14 6795.5 7.375e+10 3.4155e-11 1
3.5289e+13 1.6503e+14 6792.2 7.375e+10 3.399e-11 1
3.5363e+13 1.6583e+14 6788.9 7.375e+10 3.3826e-11 1
3.5437e+13 1.6668e+14 6785.5 7.375e+10 3.3663e-11 1
3.5511e+13 1.6753e+14 6782.2 7.375e+10 3.3501e-11 1
3.5584e+13 1.6838e+14 6778.8 7.375e+10 3.334e-11 1
3.5658e+13 1.6919e+14 6775.5 7.375e+10 3.318e-11 1
3.5732e+13 1.7005e+14 6772.2 7.375e+10 3.3021e-11 1
3.5806e+13 1.7091e+14 6768.8 7.375e+10 3.2863e-11 1
3.5879e+13 1.7177e+14 6765.5 7.375e+10 3.2707e-11 1
3.5953e+13 1.7259e+14 6762.1 7.375e+10 3.2551e-11 1
3.6027e+13 1.7346e+14 6758.8 7.375e+10 3.2396e-11 1
3.6101e+13 1.7434e+14 6755.5 7.375e+10 3.2242e-11 1
3.6174e+13 1.7521e+14 6752.1 7.375e+10 3.2089e-11 1
3.6248e+13 1.7608e+14 6748.8 7.375e+10 3.1937e-11 1
3.6322e+13 1.7692e+14 6745.5 7.375e+10 3.1786e-11 1
3.6396e+13 1.778e+14 6742.1 7.375e+10 3.1636e-11 1
3.6469e+13 1.7868e+14 6738.8 7.375e+10 3.1487e-11 1
3.6543e+13 1.7957e+14 6735.4 7.375e+10 3.1339e-11 1
3.6617e+13 1.8041e+14 6732.1 7.375e+10 3.1192e-11 1
3.6691e+13 1.8131e+14 6728.8 7.375e+10 3.1045e-11 1
3.6764e+13 1.822e+14 6725.4 7.375e+10 3.09e-11 1
3.6838e+13 1.8309e+14 6722.1 7.375e+10 3.0756e-11 1
3.6912e+13 1.8395e+14 6718.7 7.375e+10 3.0612e-11 1
3.6986e+13 1.8485e+14 6715.4 7.375e+10 3.0469e-11 1
3.7059e+13 1.8576e+14 6712.1 7.375e+10 3.0327e-11 1
3.7133e+13 1.8666e+14 6708.7 7.375e+10 3.0186e-11 1
3.7207e+13 1.8746e+14 6705.6 7.375e+10 3.0046e-11 1
3.7281e+13 1.8839e+14 6702.2 7.375e+10 2.9907e-11 1
3.7354e+13 1.8933e+14 6698.8 7.375e+10 2.9769e-11 1
3.7428e+13 1.9026e+14 6695.4 7.375e+10 2.9631e-11 1
3.7502e+13 1.9119e+14 6692 7.375e+10 2.9494e-11 1
3.7576e+13 1.9195e+14 6689.1 7.375e+10 2.9358e-11 1
3.7649e+13 1.9293e+14 6685.6 7.375e+10 2.9223e-11 1
3.7723e+13 1.9392e+14 6682 7.375e+10 2.9089e-11 1
3.7797e+13 1.9491e+14 6678.5 7.375e+10 2.8956e-11 1
3.7871e+13 1.9585e+14 6675 7.375e+10 2.8823e-11 1
3.7944e+13 1.9684e+14 6671.4 7.375e+10 2.8691e-11 1
3.8018e+13 1.9784e+14 6667.9 7.375e+10 2.856e-11 1
3.8092e+13 1.9884e+14 6664.3 7.375e+10 2.843e-11 1
3.8166e+13 1.9979e+14 6660.8 7.375e+10 2.83e-11 1
3.8239e+13 2.008e+14 6657.2 7.375e+10 2.8172e-11 1
3.8313e+13 2.0181e+14 6653.7 7.375e+10 2.8044e-11 1
3.8387e+13 2.0282e+14 6650.2 7.375e+10 2.7917e-11 1
3.8461e+13 2.0378e+14 6646.6 7.375e+10 2.779e-11 1
3.8534e+13 2.0481e+14 6643.1 7.375e+10 2.7665e-11 1
3.8608e+13 2.0583e+14 6639.5 7.375e+10 2.754e-11 1
3.8682e+13 2.0685e+14 6636 7.375e+10 2.7416e-11 1
3.8756e+13 2.0782e+14 6632.5 7.375e+10 2.7292e-11 1
3.8829e+13 2.0886e+14 6628.9 7.375e+10 2.7169e-11 1
3.8903e+13 2.099e+14 6625.4 7.375e+10 2.7048e-11 1
3.8977e+13 2.1093e+14 6621.8 7.375e+10 2.6926e-11 1
3.9051e+13 2.1197e+14 6618.3 7.375e+10 2.6806e-11 1
3.9124e+13 2.1296e+14 6614.7 7.375e+10 2.6686e-11 1
3.9198e+13 2.1401e+14 6611.2 7.375e+10 2.6567e-11 1
3.9272e+13 2.1506e+14 6607.7 7.375e+10 2.6448e-11 1
3.9346e+13 2.1611e+14 6604.1 7.375e+10 2.6331e-11 1
3.9419e+13 2.1712e+14 6600.6 7.375e+10 2.6214e-11 1
3.9493e+13 2.1818e+14 6597 7.375e+10 2.6097e-11 1
3.9567e+13 2.1924e+14 6593.5 7.375e+10 2.5982e-11 1
3.9641e+13 2.203e+14 6590 7.375e+10 2.5867e-11 1
3.9714e+13 2.2132e+14 6586.4 7.375e+10 2.5752e-11 1
3.9788e+13 2.2239e+14 6582.9 7.375e+10 2.5638e-11 1
3.9862e+13 2.2347e+14 6579.3 7.375e+10 2.5525e-11 1
3.9936e+13 2.2454e+14 6575.8 7.375e+10 2.5413e-11 1
4.0009e+13 2.2557e+14 6572.2 7.375e+10 2.5301e-11 1
4.0083e+13 2.2666e+14 6568.7 7.375e+10 2.519e-11 1
4.0157e+13 2.2775e+14 6565.2 7.375e+10 2.508e-11 1
4.0231e+13 2.2884e+14 6561.6 7.375e+10 2.497e-11 1
4.0304e+13 2.2987e+14 6558.1 7.375e+10 2.4861e-11 1
4.0378e+13 2.3098e+14 6554.5 7.375e+10 2.4752e-11 1
4.0452e+13 2.3208e+14 6551 7.375e+10 2.4644e-11 1
4.0526e+13 2.3318e+14 6547.4 7.375e+10 2.4537e-11 1
4.0599e+13 2.3423e+14 6543.9 7.375e+10 2.443e-11 1
4.0673e+13 2.3534e+14 6540.4 7.375e+10 2.4324e-11 1
4.0747e+13 2.3646e+14 6536.8 7.375e+10 2.4218e-11 1
4.0821e+13 2.3757e+14 6533.3 7.375e+10 2.4114e-11 1
4.0894e+13 2.3863e+14 6529.7 7.375e+10 2.4009e-11 1
4.0968e+13 2.3976e+14 6526.2 7.375e+10 2.3905e-11 1
4.1042e+13 2.4089e+14 6522.7 7.375e+10 2.3802e-11 1
4.1116e+13 2.4202e+14 6519.1 7.375e+10 2.37e-11 1
4.1189e+13 2.4315e+14 6515.6 7.375e+10 2.3598e-11 1
4.1263e+13 2.4423e+14 6512 7.375e+10 2.3496e-11 1
4.1337e+13 2.4537e+14 6508.5 7.375e+10 2.3395e-11 1
4.1411e+13 2.4652e+14 6504.9 7.375e+10 2.3295e-11 1
4.1484e+13 2.4766e+14 6501.4 7.375e+10 2.3195e-11 1
4.1558e+13 2.4876e+14 6497.9 7.375e+10 2.3096e-11 1
4.1632e+13 2.4991e+14 6494.3 7.375e+10 2.2998e-11 1
4.1706e+13 2.5106e+14 6490.8 7.375e+10 2.2899e-11 1
4.1779e+13 2.5222e+14 6487.2 7.375e+10 2.2802e-11 1
4.1853e+13 2.5333e+14 6483.7 7.375e+10 2.2705e-11 1
4.1927e+13 2.545e+14 6480.2 7.375e+10 2.2608e-11 1
4.2001e+13 2.5567e+14 6476.6 7.375e+10 2.2512e-11 1
4.2074e+13 2.5683e+14 6473.1 7.375e+10 2.2417e-11 1
4.2148e+13 2.5796e+14 6469.5 7.375e+10 2.2322e-11 1
4.2222e+13 2.5914e+14 6466 7.375e+10 2.2228e-11 1
4.2296e+13 2.6032e+14 6462.4 7.375e+10 2.2134e-11 1
4.2369e+13 2.615e+14 6458.9 7.375e+10 2.2041e-11 1
4.2443e+13 2.6264e+14 6455.4 7.375e+10 2.1948e-11 1
4.2517e+13 2.6383e+14 6451.8 7.375e+10 2.1855e-11 1
4.2591e+13 2.6503e+14 6448.3 7.375e+10 2.1764e-11 1
4.2664e+13 2.6622e+14 6444.7 7.375e+10 2.1672e-11 1
4.2738e+13 2.6737e+14 6441.2 7.375e+10 2.1582e-11 1
4.2812e+13 2.6858e+14 6437.7 7.375e+10 2.1491e-11 1
4.2886e+13 2.6979e+14 6434.1 7.375e+10 2.1401e-11 1
4.2959e+13 2.71e+14 6430.6 7.375e+10 2.1312e-11 1
4.3033e+13 2.7216e+14 6427 7.375e+10 2.1223e-11 1
4.3107e+13 2.7338e+14 6423.5 7.375e+10 2.1135e-11 1
4.3181e+13 2.746e+14 6419.9 7.375e+10 2.1047e-11 1
4.3254e+13 2.7582e+14 6416.4 7.375e+10 2.0959e-11 1
4.3328e+13 2.77e+14 6412.9 7.375e+10 2.0872e-11 1
4.3402e+13 2.7824e+14 6409.3 7.375e+10 2.0786e-11 1
4.3476e+13 2.7947e+14 6405.8 7.375e+10 2.07e-11 1
4.3549e+13 2.8071e+14 6402.2 7.375e+10 2.0614e-11 1
4.3623e+13 2.819e+14 6398.7 7.375e+10 2.0529e-11 1
4.3697e+13 2.8315e+14 6395.2 7.375e+10 2.0445e-11 1
4.3771e+13 2.8439e+14 6391.6 7.375e+10 2.036e-11 1
4.3844e+13 2.8564e+14 6388.1 7.375e+10 2.0277e-11 1
4.3918e+13 2.8685e+14 6384.5 7.375e+10 2.0193e-11 1
4.3992e+13 2.8811e+14 6381 7.375e+10 2.011e-11 1
4.4066e+13 2.8937e+14 6377.4 7.375e+10 2.0028e-11 1
4.4139e+13 2.9063e+14 6373.9 7.375e+10 1.9946e-11 1
4.4213e+13 2.9186e+14 6370.4 7.375e+10 1.9864e-11 1
4.4287e+13 2.9313e+14 6366.8 7.375e+10 1.9783e-11 1
4.4361e+13 2.9441e+14 6363.3 7.375e+10 1.9702e-11 1
4.4434e+13 2.9563e+14 6359.7 7.375e+10 1.9622e-11 1
4.4508e+13 2.9692e+14 6356.2 7.375e+10 1.9542e-11 1
4.4582e+13 2.9821e+14 6352.7 7.375e+10 1.9463e-11 1
4.4656e+13 2.995e+14 6349.1 7.375e+10 1.9384e-11 1
4.4729e+13 3.0074e+14 6345.6 7.375e+10 1.9305e-11 1
4.4803e+13 3.0204e+14 6342 7.375e+10 1.9227e-11 1
4.4877e+13 3.0334e+14 6338.5 7.375e+10 1.9149e-11 1
4.4951e+13 3.0464e+14 6334.9 7.375e+10 1.9072e-11 1
4.5024e+13 3.059e+14 6331.4 7.375e+10 1.8995e-11 1
4.5098e+13 3.0721e+14 6327.9 7.375e+10 1.8918e-11 1
4.5172e+13 3.0853e+14 6324.3 7.375e+10 1.8842e-11 1
4.5246e+13 3.0984e+14 6320.8 7.375e+10 1.8766e-11 1
4.5319e+13 3.1111e+14 6317.2 7.375e+10 1.8691e-11 1
4.5393e+13 3.1244e+14 6313.7 7.375e+10 1.8616e-11 1
4.5467e+13 3.1377e+14 6310.1 7.375e+10 1.8541e-11 1
4.5541e+13 3.151e+14 6306.6 7.375e+10 1.8467e-11 1
4.5614e+13 3.1621e+14 6303.5 7.375e+10 1.8393e-11 1
4.5688e+13 3.1761e+14 6299.9 7.375e+10 1.8319e-11 1
4.5762e+13 3.1901e+14 6296.2 7.375e+10 1.8246e-11 1
4.5836e+13 3.2041e+14 6292.5 7.375e+10 1.8174e-11 1
4.5909e+13 3.2169e+14 6289 7.375e+10 1.8101e-11 1
4.5983e+13 3.2313e+14 6285.2 7.375e+10 1.8029e-11 1
4.6057e+13 3.2458e+14 6281.4 7.375e+10 1.7958e-11 1
4.6131e+13 3.2597e+14 6277.7 7.375e+10 1.7886e-11 1
4.6204e+13 3.2743e+14 6273.9 7.375e+10 1.7815e-11 1
4.6278e+13 3.2889e+14 6270.1 7.375e+10 1.7745e-11 1
4.6352e+13 3.3035e+14 6266.3 7.375e+10 1.7675e-11 1
4.6426e+13 3.3176e+14 6262.6 7.375e+10 1.7605e-11 1
4.6499e+13 3.3324e+14 6258.8 7.375e+10 1.7535e-11 1
4.6573e+13 3.3471e+14 6255 7.375e+10 1.7466e-11 1
4.6647e+13 3.3619e+14 6251.3 7.375e+10 1.7397e-11 1
4.6721e+13 3.3762e+14 6247.5 7.375e+10 1.7329e-11 1
4.6794e+13 3.3911e+14 6243.7 7.375e+10 1.7261e-11 1
4.6868e+13 3.406e+14 6240 7.375e+10 1.7193e-11 1
4.6942e+13 3.4209e+14 6236.2 7.375e+10 1.7126e-11 1
4.7016e+13 3.4354e+14 6232.4 7.375e+10 1.7059e-11 1
4.7089e+13 3.4505e+14 6228.6 7.375e+10 1.6992e-11 1
4.7163e+13 3.4655e+14 6224.9 7.375e+10 1.6926e-11 1
4.7237e+13 3.4801e+14 6221.1 7.375e+10 1.686e-11 1
4.7311e+13 3.4953e+14 6217.3 7.375e+10 1.6794e-11 1
4.7384e+13 3.5105e+14 6213.6 7.375e+10 1.6728e-11 1
4.7458e+13 3.5257e+14 6209.8 7.375e+10 1.6663e-11 1
4.7532e+13 3.5405e+14 6206 7.375e+10 1.6599e-11 1
4.7606e+13 3.5559e+14 6202.2 7.375e+10 1.6534e-11 1
4.7679e+13 3.5713e+14 6198.5 7.375e+10 1.647e-11 1
4.7753e+13 3.5861e+14 6194.7 7.375e+10 1.6406e-11 1
4.7827e+13 3.6016e+14 6190.9 7.375e+10 1.6343e-11 1
4.7901e+13 3.6171e+14 6187.2 7.375e+10 1.628e-11 1
4.7974e+13 3.6327e+14 6183.4 7.375e+10 1.6217e-11 1
4.8048e+13 3.6477e+14 6179.6 7.375e+10 1.6154e-11 1
4.8122e+13 3.6634e+14 6175.8 7.375e+10 1.6092e-11 1
4.8196e+13 3.6791e+14 6172.1 7.375e+10 1.603e-11 1
4.8269e+13 3.6948e+14 6168.3 7.375e+10 1.5968e-11 1
4.8343e+13 3.71e+14 6164.5 7.375e+10 1.5907e-11 1
4.8417e+13 3.7259e+14 6160.8 7.375e+10 1.5846e-11 1
4.8491e+13 3.7417e+14 6157 7.375e+10 1.5785e-11 1
4.8564e+13 3.757e+14 6153.2 7.375e+10 1.5725e-11 1
4.8638e+13 3.773e+14 6149.5 7.375e+10 1.5665e-11 1
4.8712e+13 3.789e+14 6145.7 7.375e+10 1.5605e-11 1
4.8786e+13 3.805e+14 6141.9 7.375e+10 1.5545e-11 1
4.8859e+13 3.8206e+14 6138.1 7.375e+10 1.5486e-11 1
4.8933e+13 3.8367e+14 6134.4 7.375e+10 1.5427e-11 1
4.9007e+13 3.8529e+14 6130.6 7.375e+10 1.5368e-11 1
4.9081e+13 3.8685e+14 6126.8 7.375e+10 1.531e-11 1
4.9154e+13 3.8848e+14 6123.1 7.375e+10 1.5252e-11 1
4.9228e+13 3.9011e+14 6119.3 7.375e+10 1.5194e-11 1
4.9302e+13 3.9174e+14 6115.5 7.375e+10 1.5136e-11 1
4.9376e+13 3.9333e+14 6111.7 7.375e+10 1.5079e-11 1
4.9449e+13 3.9498e+14 6108 7.375e+10 1.5022e-11 1
4.9523e+13 3.9662e+14 6104.2 7.375e+10 1.4965e-11 1
4.9597e+13 3.9822e+14 6100.4 7.375e+10 1.4909e-11 1
4.9671e+13 3.9988e+14 6096.7 7.375e+10 1.4853e-11 1
4.9744e+13 4.0154e+14 6092.9 7.375e+10 1.4797e-11 1
4.9818e+13 4.032e+14 6089.1 7.375e+10 1.4741e-11 1
4.9892e+13 4.0482e+14 6085.3 7.375e+10 1.4686e-11 1
4.9966e+13 4.065e+14 6081.6 7.375e+10 1.463e-11 1
5.0039e+13 4.0817e+14 6077.8 7.375e+10 1.4576e-11 1
5.0113e+13 4.0981e+14 6074 7.375e+10 1.4521e-11 1
5.0187e+13 4.115e+14 6070.3 7.375e+10 1.4467e-11 1
5.0261e+13 4.1319e+14 6066.5 7.375e+10 1.4413e-11 1
5.0334e+13 4.1483e+14 6062.7 7.375e+10 1.4359e-11 1
5.0408e+13 4.1654e+14 6059 7.375e+10 1.4305e-11 1
5.0482e+13 4.1824e+14 6055.2 7.375e+10 1.4252e-11 1
5.0556e+13 4.1995e+14 6051.4 7.375e+10 1.4199e-11 1
5.0629e+13 4.2162e+14 6047.6 7.375e+10 1.4146e-11 1
5.0703e+13 4.2334e+14 6043.9 7.375e+10 1.4093e-11 1
5.0777e+13 4.2506e+14 6040.1 7.375e+10 1.4041e-11 1
5.0851e+13 4.2674e+14 6036.3 7.375e+10 1.3989e-11 1
5.0924e+13 4.2847e+14 6032.6 7.375e+10 1.3937e-11 1
5.0998e+13 4.3021e+14 6028.8 7.375e+10 1.3885e-11 1
5.1072e+13 4.319e+14 6025 7.375e+10 1.3834e-11 1
5.1146e+13 4.3365e+14 6021.2 7.375e+10 1.3783e-11 1
5.1219e+13 4.354e+14 6017.5 7.375e+10 1.3732e-11 1
5.1293e+13 4.3711e+14 6013.7 7.375e+10 1.3681e-11 1
5.1367e+13 4.3887e+14 6009.9 7.375e+10 1.3631e-11 1
5.1441e+13 4.4064e+14 6006.2 7.375e+10 1.3581e-11 1
5.1514e+13 4.424e+14 6002.4 7.375e+10 1.3531e-11 1
5.1588e+13 4.4414e+14 5998.6 7.375e+10 1.3481e-11 1
5.1662e+13 4.4592e+14 5994.8 7.375e+10 1.3432e-11 1
5.1736e+13 4.477e+14 5991.1 7.375e+10 1.3383e-11 1
5.1809e+13 4.4944e+14 5987.3 7.375e+10 1.3334e-11 1
5.1883e+13 4.5124e+14 5983.5 7.375e+10 1.3285e-11 1
5.1957e+13 4.5303e+14 5979.8 7.375e+10 1.3236e-11 1
5.2031e+13 4.5479e+14 5976 7.375e+10 1.3188e-11 1
5.2104e+13 4.566e+14 5972.2 7.375e+10 1.314e-11 1
5.2178e+13 4.5841e+14 5968.5 7.375e+10 1.3092e-11 1
5.2252e+13 4.6018e+14 5964.7 7.375e+10 1.3044e-11 1
5.2326e+13 4.6201e+14 5960.9 7.375e+10 1.2997e-11 1
5.2399e+13 4.6383e+14 5957.1 7.375e+10 1.2949e-11 1
5.2473e+13 4.6562e+14 5953.4 7.375e+10 1.2902e-11 1
5.2547e+13 4.6746e+14 5949.6 7.375e+10 1.2856e-11 1
5.2621e+13 4.693e+14 5945.8 7.375e+10 1.2809e-11 1
5.2694e+13 4.711e+14 5942.1 7.375e+10 1.2763e-11 1
5.2768e+13 4.7295e+14 5938.3 7.375e+10 1.2717e-11 1
5.2842e+13 4.7481e+14 5934.5 7.375e+10 1.2671e-11 1
5.2916e+13 4.7662e+14 5930.7 7.375e+10 1.2625e-11 1
5.2989e+13 4.7849e+14 5927 7.375e+10 1.2579e-11 1
5.3063e+13 4.8036e+14 5923.2 7.375e+10 1.2534e-11 1
5.3137e+13 4.8219e+14 5919.4 7.375e+10 1.2489e-11 1
5.3211e+13 4.8407e+14 5915.7 7.375e+10 1.2444e-11 1
5.3284e+13 4.8595e+14 5911.9 7.375e+10 1.2399e-11 1
5.3358e+13 4.8762e+14 5908.5 7.375e+10 1.2355e-11 1
5.3432e+13 4.8959e+14 5904.6 7.375e+10 1.231e-11 1
5.3506e+13 4.9156e+14 5900.6 7.375e+10 1.2266e-11 1
5.3579e+13 4.9335e+14 5897 7.375e+10 1.2222e-11 1
5.3653e+13 4.954e+14 5893 7.375e+10 1.2179e-11 1
5.3727e+13 4.9744e+14 5888.9 7.375e+10 1.2135e-11 1
5.3801e+13 4.9945e+14 5884.9 7.375e+10 1.2092e-11 1
5.3874e+13 5.0151e+14 5880.9 7.375e+10 1.2049e-11 1
5.3948e+13 5.0357e+14 5876.9 7.375e+10 1.2006e-11 1
5.4022e+13 5.056e+14 5872.8 7.375e+10 1.1963e-11 1
5.4096e+13 5.0768e+14 5868.8 7.375e+10 1.192e-11 1
5.4169e+13 5.0975e+14 5864.8 7.375e+10 1.1878e-11 1
5.4243e+13 5.118e+14 5860.7 7.375e+10 1.1836e-11 1
5.4317e+13 5.1389e+14 5856.7 7.375e+10 1.1794e-11 1
5.4391e+13 5.1595e+14 5852.7 7.375e+10 1.1752e-11 1
5.4464e+13 5.1805e+14 5848.6 7.375e+10 1.171e-11 1
5.4538e+13 5.2016e+14 5844.6 7.375e+10 1.1669e-11 1
5.4612e+13 5.2224e+14 5840.6 7.375e+10 1.1628e-11 1
5.4686e+13 5.2436e+14 5836.5 7.375e+10 1.1587e-11 1
5.4759e+13 5.2648e+14 5832.5 7.375e+10 1.1546e-11 1
5.4833e+13 5.2858e+14 5828.5 7.375e+10 1.1505e-11 1
5.4907e+13 5.3072e+14 5824.4 7.375e+10 1.1465e-11 1
5.4981e+13 5.3282e+14 5820.4 7.375e+10 1.1424e-11 1
5.5054e+13 5.3497e+14 5816.4 7.375e+10 1.1384e-11 1
5.5128e+13 5.3713e+14 5812.3 7.375e+10 1.1344e-11 1
5.5202e+13 5.3925e+14 5808.3 7.375e+10 1.1304e-11 1
5.5276e+13 5.4142e+14 5804.3 7.375e+10 1.1265e-11 1
5.5349e+13 5.4359e+14 5800.3 7.375e+10 1.1225e-11 1
5.5423e+13 5.4574e+14 5796.2 7.375e+10 1.1186e-11 1
5.5497e+13 5.4792e+14 5792.2 7.375e+10 1.1147e-11 1
5.5571e+13 5.5007e+14 5788.2 7.375e+10 1.1108e-11 1
5.5644e+13 5.5227e+14 5784.1 7.375e+10 1.1069e-11 1
5.5718e+13 5.5447e+14 5780.1 7.375e+10 1.1031e-11 1
5.5792e+13 5.5665e+14 5776.1 7.375e+10 1.0992e-11 1
5.5866e+13 5.5886e+14 5772 7.375e+10 1.0954e-11 1
5.5939e+13 5.6105e+14 5768 7.375e+10 1.0916e-11 1
5.6013e+13 5.6328e+14 5764 7.375e+10 1.0878e-11 1
5.6087e+13 5.6551e+14 5759.9 7.375e+10 1.084e-11 1
5.6161e+13 5.6772e+14 5755.9 7.375e+10 1.0803e-11 1
5.6234e+13 5.6996e+14 5751.9 7.375e+10 1.0765e-11 1
5.6308e+13 5.7218e+14 5747.8 7.375e+10 1.0728e-11 1
5.6382e+13 5.7444e+14 5743.8 7.375e+10 1.0691e-11 1
5.6456e+13 5.7666e+14 5739.8 7.375e+10 1.0654e-11 1
5.6529e+13 5.7894e+14 5735.7 7.375e+10 1.0617e-11 1
5.6603e+13 5.8121e+14 5731.7 7.375e+10 1.058e-11 1
5.6677e+13 5.8346e+14 5727.7 7.375e+10 1.0544e-11 1
5.6751e+13 5.8575e+14 5723.7 7.375e+10 1.0508e-11 1
5.6824e+13 5.8801e+14 5719.6 7.375e+10 1.0471e-11 1
5.6898e+13 5.9031e+14 5715.6 7.375e+10 1.0435e-11 1
5.6972e+13 5.9258e+14 5711.6 7.375e+10 1.04e-11 1
5.7046e+13 5.949e+14 5707.5 7.375e+10 1.0364e-11 1
5.7119e+13 5.9721e+14 5703.5 7.375e+10 1.0328e-11 1
5.7193e+13 5.9951e+14 5699.5 7.375e+10 1.0293e-11 1
5.7267e+13 6.0184e+14 5695.4 7.375e+10 1.0258e-11 1
5.7341e+13 6.0415e+14 5691.4 7.375e+10 1.0223e-11 1
5.7414e+13 6.0649e+14 5687.4 7.375e+10 1.0188e-11 1
5.7488e+13 6.0881e+14 5683.3 7.375e+10 1.0153e-11 1
5.7562e+13 6.1117e+14 5679.3 7.375e+10 1.0118e-11 1
5.7636e+13 6.1351e+14 5675.3 7.375e+10 1.0084e-11 1
5.7709e+13 6.1587e+14 5671.2 7.375e+10 1.0049e-11 1
5.7783e+13 6.1822e+14 5667.2 7.375e+10 1.0015e-11 1
5.7857e+13 6.206e+14 5663.2 7.375e+10 9.9811e-12 1
5.7931e+13 6.2296e+14 5659.1 7.375e+10 9.9472e-12 1
5.8004e+13 6.2536e+14 5655.1 7.375e+10 9.9134e-12 1
5.8078e+13 6.2773e+14 5651.1 7.375e+10 9.8798e-12 1
5.8152e+13 6.3014e+14 5647.1 7.375e+10 9.8463e-12 1
5.8226e+13 6.3253e+14 5643 7.375e+10 9.813e-12 1
5.8299e+13 6.3494e+14 5639 7.375e+10 9.7798e-12 1
5.8373e+13 6.3735e+14 5635 7.375e+10 9.7467e-12 1
5.8447e+13 6.3978e+14 5630.9 7.375e+10 9.7138e-12 1
5.8521e+13 6.422e+14 5626.9 7.375e+10 9.681e-12 1
5.8594e+13 6.4464e+14 5622.9 7.375e+10 9.6484e-12 1
5.8668e+13 6.4707e+14 5618.8 7.375e+10 9.6159e-12 1
5.8742e+13 6.495e+14 5614.8 7.375e+10 9.5835e-12 1
5.8816e+13 6.5197e+14 5610.8 7.375e+10 9.5513e-12 1
5.8889e+13 6.5442e+14 5606.7 7.375e+10 9.5192e-12 1
5.8963e+13 6.5689e+14 5602.7 7.375e+10 9.4872e-12 1
5.9037e+13 6.5936e+14 5598.7 7.375e+10 9.4554e-12 1
5.9111e+13 6.6183e+14 5594.6 7.375e+10 9.4237e-12 1
5.9184e+13 6.6433e+14 5590.6 7.375e+10 9.3921e-12 1
5.9258e+13 6.6681e+14 5586.6 7.375e+10 9.3607e-12 1
5.9332e+13 6.6932e+14 5582.5 7.375e+10 9.3294e-12 1
5.9406e+13 6.7182e+14 5578.5 7.375e+10 9.2982e-12 1
5.9479e+13 6.7433e+14 5574.5 7.375e+10 9.2672e-12 1
5.9553e+13 6.7685e+14 5570.5 7.375e+10 9.2362e-12 1
5.9627e+13 6.7937e+14 5566.4 7.375e+10 9.2055e-12 1
5.9701e+13 6.819e+14 5562.4 7.375e+10 9.1748e-12 1
5.9774e+13 6.8443e+14 5558.4 7.375e+10 9.1443e-12 1
5.9848e+13 6.8699e+14 5554.3 7.375e+10 9.1139e-12 1
5.9922e+13 6.8954e+14 5550.3 7.375e+10 9.0836e-12 1
5.9996e+13 6.9209e+14 5546.3 7.375e+10 9.0534e-12 1
6.0069e+13 6.9466e+14 5542.2 7.375e+10 9.0234e-12 1
6.0143e+13 6.9724e+14 5538.2 7.375e+10 8.9935e-12 1
6.0217e+13 6.9982e+14 5534.2 7.375e+10 8.9637e-12 1
6.0291e+13 7.024e+14 5530.1 7.375e+10 8.9341e-12 1
6.0364e+13 7.0499e+14 5526.1 7.375e+10 8.9045e-12 1
6.0438e+13 7.0759e+14 5522.1 7.375e+10 8.8751e-12 1
6.0512e+13 7.102e+14 5518 7.375e+10 8.8458e-12 1
6.0586e+13 7.1281e+14 5514 7.375e+10 8.8167e-12 1
6.0659e+13 7.1543e+14 5510 7.375e+10 8.7876e-12 1
6.0733e+13 7.1806e+14 5505.9 7.375e+10 8.7587e-12 1
6.0807e+13 7.2068e+14 5501.9 7.375e+10 8.7298e-12 1
6.0881e+13 7.2343e+14 5497.7 7.375e+10 8.7011e-12 1
6.0954e+13 7.2628e+14 5493.4 7.375e+10 8.6726e-12 1
6.1028e+13 7.2913e+14 5489.1 7.375e+10 8.6441e-12 1
6.1102e+13 7.32e+14 5484.7 7.375e+10 8.6158e-12 1
6.1176e+13 7.3487e+14 5480.4 7.375e+10 8.5875e-12 1
6.1249e+13 7.3774e+14 5476.1 7.375e+10 8.5594e-12 1
6.1323e+13 7.4063e+14 5471.7 7.375e+10 8.5314e-12 1
6.1397e+13 7.4352e+14 5467.4 7.375e+10 8.5035e-12 1
6.1471e+13 7.4642e+14 5463.1 7.375e+10 8.4757e-12 1
6.1544e+13 7.4932e+14 5458.7 7.375e+10 8.4481e-12 1
6.1618e+13 7.5223e+14 5454.4 7.375e+10 8.4205e-12 1
6.1692e+13 7.5517e+14 5450.1 7.375e+10 8.3931e-12 1
6.1766e+13 7.5809e+14 5445.8 7.375e+10 8.3657e-12 1
6.1839e+13 7.6105e+14 5441.4 7.375e+10 8.3385e-12 1
6.1913e+13 7.6397e+14 5437.1 7.375e+10 8.3114e-12 1
6.1987e+13 7.6695e+14 5432.8 7.375e+10 8.2844e-12 1
6.2061e+13 7.6988e+14 5428.4 7.375e+10 8.2575e-12 1
6.2134e+13 7.7288e+14 5424.1 7.375e+10 8.2307e-12 1
6.2208e+13 7.7589e+14 5419.8 7.375e+10 8.2041e-12 1
6.2282e+13 7.7884e+14 5415.4 7.375e+10 8.1775e-12 1
6.2356e+13 7.8187e+14 5411.1 7.375e+10 8.151e-12 1
6.2429e+13 7.8489e+14 5406.8 7.375e+10 8.1247e-12 1
6.2503e+13 7.8786e+14 5402.4 7.375e+10 8.0984e-12 1
6.2577e+13 7.9092e+14 5398.1 7.375e+10 8.0723e-12 1
6.2651e+13 7.9397e+14 5393.8 7.375e+10 8.0462e-12 1
6.2724e+13 7.9695e+14 5389.5 7.375e+10 8.0203e-12 1
6.2798e+13 8.0003e+14 5385.1 7.375e+10 7.9945e-12 1
6.2872e+13 8.0312e+14 5380.8 7.375e+10 7.9687e-12 1
6.2946e+13 8.061e+14 5376.5 7.375e+10 7.9431e-12 1
6.3019e+13 8.0922e+14 5372.1 7.375e+10 7.9176e-12 1
6.3093e+13 8.1234e+14 5367.8 7.375e+10 7.8922e-12 1
6.3167e+13 8.1546e+14 5363.5 7.375e+10 7.8668e-12 1
6.3241e+13 8.1847e+14 5359.1 7.375e+10 7.8416e-12 1
6.3314e+13 8.2162e+14 5354.8 7.375e+10 7.8165e-12 1
6.3388e+13 8.2477e+14 5350.5 7.375e+10 7.7915e-12 1
6.3462e+13 8.2793e+14 5346.1 7.375e+10 7.7666e-12 1
6.3536e+13 8.3096e+14 5341.8 7.375e+10 7.7417e-12 1
6.3609e+13 8.3415e+14 5337.5 7.375e+10 7.717e-12 1
6.3683e+13 8.3734e+14 5333.2 7.375e+10 7.6924e-12 1
6.3757e+13 8.4053e+14 5328.8 7.375e+10 7.6678e-12 1
6.3831e+13 8.4359e+14 5324.5 7.375e+10 7.6434e-12 1
6.3904e+13 8.4682e+14 5320.2 7.375e+10 7.6191e-12 1
6.3978e+13 8.5005e+14 5315.8 7.375e+10 7.5948e-12 1
6.4052e+13 8.5328e+14 5311.5 7.375e+10 7.5707e-12 1
6.4126e+13 8.5635e+14 5307.2 7.375e+10 7.5466e-12 1
6.4199e+13 8.5962e+14 5302.8 7.375e+10 7.5227e-12 1
6.4273e+13 8.6289e+14 5298.5 7.375e+10 7.4988e-12 1
6.4347e+13 8.6616e+14 5294.2 7.375e+10 7.475e-12 1
6.4421e+13 8.6923e+14 5289.8 7.375e+10 7.4514e-12 1
6.4494e+13 8.7254e+14 5285.5 7.375e+10 7.4278e-12 1
6.4568e+13 8.7586e+14 5281.2 7.375e+10 7.4043e-12 1
6.4642e+13 8.7917e+14 5276.8 7.375e+10 7.3809e-12 1
6.4716e+13 8.8248e+14 5272.5 7.375e+10 7.3576e-12 1
6.4789e+13 8.8561e+14 5268.2 7.375e+10 7.3344e-12 1
6.4863e+13 8.8896e+14 5263.9 7.375e+10 7.3112e-12 1
6.4937e+13 8.9232e+14 5259.5 7.375e+10 7.2882e-12 1
6.5011e+13 8.9568e+14 5255.2 7.375e+10 7.2653e-12 1
6.5084e+13 8.9903e+14 5250.9 7.375e+10 7.2424e-12 1
6.5158e+13 9.022e+14 5246.5 7.375e+10 7.2196e-12 1
6.5232e+13 9.056e+14 5242.2 7.375e+10 7.197e-12 1
6.5306e+13 9.0901e+14 5237.9 7.375e+10 7.1744e-12 1
6.5379e+13 9.1241e+14 5233.5 7.375e+10 7.1519e-12 1
6.5453e+13 9.1581e+14 5229.2 7.375e+10 7.1295e-12 1
6.5527e+13 9.1902e+14 5224.9 7.375e+10 7.1071e-12 1
6.5601e+13 9.2247e+14 5220.5 7.375e+10 7.0849e-12 1
6.5674e+13 9.2592e+14 5216.2 7.375e+10 7.0627e-12 1
6.5748e+13 9.2937e+14 5211.9 7.375e+10 7.0406e-12 1
6.5822e+13 9.3282e+14 5207.6 7.375e+10 7.0187e-12 1
6.5896e+13 9.3607e+14 5203.2 7.375e+10 6.9968e-12 1
6.5969e+13 9.3957e+14 5198.9 7.375e+10 6.9749e-12 1
6.6043e+13 9.4307e+14 5194.6 7.375e+10 6.9532e-12 1
6.6117e+13 9.4657e+14 5190.2 7.375e+10 6.9316e-12 1
6.6191e+13 9.5007e+14 5185.9 7.375e+10 6.91e-12 1
6.6264e+13 9.5335e+14 5181.6 7.375e+10 6.8885e-12 1
6.6338e+13 9.569e+14 5177.2 7.375e+10 6.8671e-12 1
6.6412e+13 9.6045e+14 5172.9 7.375e+10 6.8458e-12 1
6.6486e+13 9.64e+14 5168.6 7.375e+10 6.8245e-12 1
6.6559e+13 9.6755e+14 5164.2 7.375e+10 6.8034e-12 1
6.6633e+13 9.7086e+14 5159.9 7.375e+10 6.7823e-12 1
6.6707e+13 9.7446e+14 5155.6 7.375e+10 6.7613e-12 1
6.6781e+13 9.7807e+14 5151.3 7.375e+10 6.7404e-12 1
6.6854e+13 9.8167e+14 5146.9 7.375e+10 6.7196e-12 1
6.6928e+13 9.8527e+14 5142.6 7.375e+10 6.6988e-12 1
6.7002e+13 9.8791e+14 5139.1 7.375e+10 6.6781e-12 1
6.7076e+13 9.9171e+14 5134.6 7.375e+10 6.6575e-12 1
6.7149e+13 9.9551e+14 5130.1 7.375e+10 6.637e-12 1
6.7223e+13 9.9932e+14 5125.6 7.375e+10 6.6166e-12 1
6.7297e+13 1.0031e+15 5121.1 7.375e+10 6.5962e-12 1
6.7371e+13 1.0059e+15 5117.4 7.375e+10 6.5759e-12 1
6.7444e+13 1.0099e+15 5112.8 7.375e+10 6.5557e-12 1
6.7518e+13 1.0139e+15 5108.1 7.375e+10 6.5356e-12 1
6.7592e+13 1.0179e+15 5103.4 7.375e+10 6.5155e-12 1
6.7666e+13 1.0219e+15 5098.7 7.375e+10 6.4955e-12 1
6.7739e+13 1.0259e+15 5094.1 7.375e+10 6.4756e-12 1
6.7813e+13 1.0297e+15 5089.4 7.375e+10 6.4558e-12 1
6.7887e+13 1.0337e+15 5084.7 7.375e+10 6.4361e-12 1
6.7961e+13 1.0378e+15 5080 7.375e+10 6.4164e-12 1
6.8034e+13 1.0419e+15 5075.3 7.375e+10 6.3968e-12 1
6.8108e+13 1.0459e+15 5070.7 7.375e+10 6.3772e-12 1
6.8182e+13 1.0497e+15 5066 7.375e+10 6.3578e-12 1
6.8256e+13 1.0539e+15 5061.3 7.375e+10 6.3384e-12 1
6.8329e+13 1.058e+15 5056.6 7.375e+10 6.3191e-12 1
6.8403e+13 1.0621e+15 5051.9 7.375e+10 6.2998e-12 1
6.8477e+13 1.0663e+15 5047.3 7.375e+10 6.2807e-12 1
6.8551e+13 1.0701e+15 5042.6 7.375e+10 6.2616e-12 1
6.8624e+13 1.0743e+15 5037.9 7.375e+10 6.2425e-12 1
6.8698e+13 1.0785e+15 5033.2 7.375e+10 6.2236e-12 1
6.8772e+13 1.0827e+15 5028.6 7.375e+10 6.2047e-12 1
6.8846e+13 1.0869e+15 5023.9 7.375e+10 6.1859e-12 1
6.8919e+13 1.0908e+15 5019.2 7.375e+10 6.1671e-12 1
6.8993e+13 1.0951e+15 5014.5 7.375e+10 6.1485e-12 1
6.9067e+13 1.0993e+15 5009.8 7.375e+10 6.1299e-12 1
6.9141e+13 1.1036e+15 5005.2 7.375e+10 6.1113e-12 1
6.9214e+13 1.1078e+15 5000.5 7.375e+10 6.0929e-12 1
6.9288e+13 1.1118e+15 4995.8 7.375e+10 6.0745e-12 1
6.9362e+13 1.1161e+15 4991.1 7.375e+10 6.0561e-12 1
6.9436e+13 1.1205e+15 4986.4 7.375e+10 6.0379e-12 1
6.9509e+13 1.1248e+15 4981.8 7.375e+10 6.0197e-12 1
6.9583e+13 1.1291e+15 4977.1 7.375e+10 6.0016e-12 1
6.9657e+13 1.1331e+15 4972.4 7.375e+10 5.9835e-12 1
6.9731e+13 1.1375e+15 4967.7 7.375e+10 5.9655e-12 1
6.9804e+13 1.1419e+15 4963.1 7.375e+10 5.9476e-12 1
6.9878e+13 1.1463e+15 4958.4 7.375e+10 5.9297e-12 1
6.9952e+13 1.1507e+15 4953.7 7.375e+10 5.9119e-12 1
7.0026e+13 1.1548e+15 4949 7.375e+10 5.8942e-12 1
7.0099e+13 1.1592e+15 4944.3 7.375e+10 5.8766e-12 1
7.0173e+13 1.1637e+15 4939.7 7.375e+10 5.859e-12 1
7.0247e+13 1.1681e+15 4935 7.375e+10 5.8414e-12 1
7.0321e+13 1.1726e+15 4930.3 7.375e+10 5.824e-12 1
7.0394e+13 1.1768e+15 4925.6 7.375e+10 5.8066e-12 1
7.0468e+13 1.1813e+15 4920.9 7.375e+10 5.7892e-12 1
7.0542e+13 1.1858e+15 4916.3 7.375e+10 5.7719e-12 1
7.0616e+13 1.1903e+15 4911.6 7.375e+10 5.7547e-12 1
7.0689e+13 1.1946e+15 4906.9 7.375e+10 5.7376e-12 1
7.0763e+13 1.1991e+15 4902.2 7.375e+10 5.7205e-12 1
7.0837e+13 1.2037e+15 4897.6 7.375e+10 5.7035e-12 1
7.0911e+13 1.2082e+15 4892.9 7.375e+10 5.6865e-12 1
7.0984e+13 1.2128e+15 4888.2 7.375e+10 5.6696e-12 1
7.1058e+13 1.2172e+15 4883.5 7.375e+10 5.6528e-12 1
7.1132e+13 1.2218e+15 4878.8 7.375e+10 5.636e-12 1
7.1206e+13 1.2264e+15 4874.2 7.375e+10 5.6193e-12 1
7.1279e+13 1.231e+15 4869.5 7.375e+10 5.6026e-12 1
7.1353e+13 1.2354e+15 4864.8 7.375e+10 5.586e-12 1
7.1427e+13 1.2401e+15 4860.1 7.375e+10 5.5695e-12 1
7.1501e+13 1.2448e+15 4855.5 7.375e+10 5.553e-12 1
7.1574e+13 1.2495e+15 4850.8 7.375e+10 5.5366e-12 1
7.1648e+13 1.2539e+15 4846.1 7.375e+10 5.5203e-12 1
7.1722e+13 1.2587e+15 4841.4 7.375e+10 5.504e-12 1
7.1796e+13 1.2634e+15 4836.7 7.375e+10 5.4877e-12 1
7.1869e+13 1.2681e+15 4832.1 7.375e+10 5.4716e-12 1
7.1943e+13 1.2727e+15 4827.4 7.375e+10 5.4554e-12 1
7.2017e+13 1.2775e+15 4822.7 7.375e+10 5.4394e-12 1
7.2091e+13 1.2822e+15 4818 7.375e+10 5.4234e-12 1
7.2164e+13 1.287e+15 4813.3 7.375e+10 5.4074e-12 1
7.2238e+13 1.2917e+15 4808.7 7.375e+10 5.3915e-12 1
7.2312e+13 1.2965e+15 4804 7.375e+10 5.3757e-12 1
7.2386e+13 1.3013e+15 4799.3 7.375e+10 5.3599e-12 1
7.2459e+13 1.306e+15 4794.6 7.375e+10 5.3442e-12 1
7.2533e+13 1.3109e+15 4790 7.375e+10 5.3286e-12 1
7.2607e+13 1.3157e+15 4785.3 7.375e+10 5.313e-12 1
7.2681e+13 1.3205e+15 4780.6 7.375e+10 5.2974e-12 1
7.2754e+13 1.3254e+15 4775.9 7.375e+10 5.2819e-12 1
7.2828e+13 1.3303e+15 4771.2 7.375e+10 5.2665e-12 1
7.2902e+13 1.3351e+15 4766.6 7.375e+10 5.2511e-12 1
7.2976e+13 1.3401e+15 4761.9 7.375e+10 5.2358e-12 1
7.3049e+13 1.345e+15 4757.2 7.375e+10 5.2205e-12 1
7.3123e+13 1.3499e+15 4752.5 7.375e+10 5.2053e-12 1
7.3197e+13 1.3549e+15 4747.8 7.375e+10 5.1901e-12 1
7.3271e+13 1.3598e+15 4743.2 7.375e+10 5.175e-12 1
7.3344e+13 1.3648e+15 4738.5 7.375e+10 5.16e-12 1
7.3418e+13 1.3698e+15 4733.8 7.375e+10 5.145e-12 1
7.3492e+13 1.3748e+15 4729.1 7.375e+10 5.13e-12 1
7.3566e+13 1.3798e+15 4724.5 7.375e+10 5.1152e-12 1
7.3639e+13 1.3848e+15 4719.8 7.375e+10 5.1003e-12 1
7.3713e+13 1.3899e+15 4715.1 7.375e+10 5.0855e-12 1
3.6875e+10 1e+08 5790.2 7.375e+10 8.0661e-07 2
1.1063e+11 3.417e+09 5790.6 7.375e+10 6.4193e-07 2
1.8438e+11 1.6505e+10 5791 7.375e+10 4.558e-07 2
2.5813e+11 3.2864e+10 5791.4 7.375e+10 3.1765e-07 2
3.3188e+11 5.8905e+10 5791.8 7.375e+10 2.2623e-07 2
4.0563e+11 9.118e+10 5792.1 7.375e+10 1.6637e-07 2
4.7938e+11 1.2967e+11 5792.5 7.375e+10 1.2628e-07 2
5.5313e+11 1.7424e+11 5792.9 7.375e+10 9.8565e-08 2
6.2688e+11 2.2463e+11 5793.2 7.375e+10 7.8801e-08 2
7.0063e+11 2.8045e+11 5793.5 7.375e+10 6.4296e-08 2
7.7438e+11 3.4124e+11 5793.9 7.375e+10 5.3379e-08 2
8.4813e+11 4.2114e+11 5794.1 7.375e+10 4.4978e-08 2
9.2188e+11 4.9542e+11 5794.4 7.375e+10 3.8387e-08 2
9.9563e+11 5.7383e+11 5794.7 7.375e+10 3.3128e-08 2
1.0694e+12 6.7227e+11 5795 7.375e+10 2.8869e-08 2
1.1431e+12 7.6388e+11 5795.2 7.375e+10 2.5373e-08 2
1.2169e+12 8.5841e+11 5795.5 7.375e+10 2.2471e-08 2
1.2906e+12 9.7682e+11 5795.6 7.375e+10 2.0036e-08 2
1.3644e+12 1.0839e+12 5795.8 7.375e+10 1.7973e-08 2
1.4381e+12 1.2128e+12 5795.9 7.375e+10 1.6212e-08 2
1.5119e+12 1.332e+12 5796.1 7.375e+10 1.4696e-08 2
1.5856e+12 1.452e+12 5796.3 7.375e+10 1.3382e-08 2
1.6594e+12 1.6028e+12 5796.3 7.375e+10 1.2235e-08 2
1.7331e+12 1.7339e+12 5796.4 7.375e+10 1.123e-08 2
1.8069e+12 1.896e+12 5796.4 7.375e+10 1.0342e-08 2
1.8806e+12 2.0376e+12 5796.5 7.375e+10 9.5561e-09 2
1.9544e+12 2.2114e+12 5796.4 7.375e+10 8.8557e-09 2
2.0281e+12 2.363e+12 5796.4 7.375e+10 8.2294e-09 2
2.1019e+12 2.5487e+12 5796.3 7.375e+10 7.667e-09 2
2.1756e+12 2.7096e+12 5796.3 7.375e+10 7.1602e-09 2
2.2494e+12 2.9075e+12 5796 7.375e+10 6.7018e-09 2
2.3231e+12 3.1054e+12 5795.8 7.375e+10 6.286e-09 2
2.3969e+12 3.2874e+12 5795.7 7.375e+10 5.9076e-09 2
2.4706e+12 3.4978e+12 5795.4 7.375e+10 5.5623e-09 2
2.5444e+12 3.6879e+12 5795.2 7.375e+10 5.2463e-09 2
2.6181e+12 3.911e+12 5794.8 7.375e+10 4.9565e-09 2
2.6919e+12 4.1085e+12 5794.6 7.375e+10 4.6899e-09 2
2.7656e+12 4.3446e+12 5794.1 7.375e+10 4.4443e-09 2
2.8394e+12 4.5485e+12 5793.9 7.375e+10 4.2174e-09 2
2.9131e+12 4.798e+12 5793.3 7.375e+10 4.0074e-09 2
2.9869e+12 5.0475e+12 5792.7 7.375e+10 3.8126e-09 2
3.0606e+12 5.2706e+12 5792.3 7.375e+10 3.6317e-09 2
3.1344e+12 5.5337e+12 5791.6 7.375e+10 3.4634e-09 2
3.2081e+12 5.7617e+12 5791.2 7.375e+10 3.3064e-09 2
3.2819e+12 6.0387e+12 5790.4 7.375e+10 3.1599e-09 2
3.3556e+12 6.3157e+12 5789.6 7.375e+10 3.0229e-09 2
3.4294e+12 6.5618e+12 5789 7.375e+10 2.8946e-09 2
3.5031e+12 6.8531e+12 5788.1 7.375e+10 2.7742e-09 2
3.5769e+12 7.1444e+12 5787.1 7.375e+10 2.6612e-09 2
3.6506e+12 7.4082e+12 5786.4 7.375e+10 2.555e-09 2
3.7244e+12 7.7141e+12 5785.3 7.375e+10 2.455e-09 2
3.7981e+12 7.9804e+12 5784.6 7.375e+10 2.3607e-09 2
3.8719e+12 8.3012e+12 5783.4 7.375e+10 2.2717e-09 2
3.9456e+12 8.6221e+12 5782.2 7.375e+10 2.1877e-09 2
4.0194e+12 8.9048e+12 5781.3 7.375e+10 2.1082e-09 2
4.0931e+12 9.2411e+12 5779.9 7.375e+10 2.033e-09 2
4.1669e+12 9.5774e+12 5778.5 7.375e+10 1.9617e-09 2
4.2406e+12 9.8762e+12 5777.5 7.375e+10 1.8941e-09 2
4.3144e+12 1.0228e+13 5775.9 7.375e+10 1.8299e-09 2
4.3881e+12 1.058e+13 5774.4 7.375e+10 1.7689e-09 2
4.4619e+12 1.0895e+13 5773.2 7.375e+10 1.7109e-09 2
4.5356e+12 1.1263e+13 5771.4 7.375e+10 1.6558e-09 2
4.6094e+12 1.1632e+13 5769.7 7.375e+10 1.6032e-09 2
4.6831e+12 1.1961e+13 5768.4 7.375e+10 1.5531e-09 2
4.7569e+12 1.2347e+13 5766.4 7.375e+10 1.5053e-09 2
4.8306e+12 1.2732e+13 5764.5 7.375e+10 1.4596e-09 2
4.9044e+12 1.3076e+13 5763 7.375e+10 1.416e-09 2
4.9781e+12 1.3479e+13 5760.9 7.375e+10 1.3744e-09 2
5.0519e+12 1.3882e+13 5758.7 7.375e+10 1.3345e-09 2
5.1256e+12 1.4239e+13 5757.1 7.375e+10 1.2963e-09 2
5.1994e+12 1.466e+13 5754.7 7.375e+10 1.2598e-09 2
5.2731e+12 1.5082e+13 5752.4 7.375e+10 1.2247e-09 2
5.3469e+12 1.5452e+13 5750.6 7.375e+10 1.1911e-09 2
5.4206e+12 1.5892e+13 5748 7.375e+10 1.1589e-09 2
5.4944e+12 1.6332e+13 5745.4 7.375e+10 1.1279e-09 2
5.5681e+12 1.6716e+13 5743.5 7.375e+10 1.0982e-09 2
5.6419e+12 1.7175e+13 5740.7 7.375e+10 1.0696e-09 2
5.7156e+12 1.7635e+13 5737.8 7.375e+10 1.0421e-09 2
5.7894e+12 1.803e+13 5735.8 7.375e+10 1.0157e-09 2
5.8631e+12 1.851e+13 5732.7 7.375e+10 9.9025e-10 2
5.9369e+12 1.899e+13 5729.6 7.375e+10 9.6574e-10 2
6.0106e+12 1.9471e+13 5726.5 7.375e+10 9.4213e-10 2
6.0844e+12 1.9898e+13 5724 7.375e+10 9.1937e-10 2
6.1581e+12 2.04e+13 5720.7 7.375e+10 8.9742e-10 2
6.2319e+12 2.0902e+13 5717.3 7.375e+10 8.7625e-10 2
6.3056e+12 2.1339e+13 5714.7 7.375e+10 8.5581e-10 2
6.3794e+12 2.1864e+13 5711.1 7.375e+10 8.3608e-10 2
6.4531e+12 2.2388e+13 5707.4 7.375e+10 8.1702e-10 2
6.5269e+12 2.2835e+13 5704.7 7.375e+10 7.986e-10 2
6.6006e+12 2.3384e+13 5700.8 7.375e+10 7.8079e-10 2
6.6744e+12 2.3932e+13 5696.8 7.375e+10 7.6357e-10 2
6.7481e+12 2.448e+13 5692.8 7.375e+10 7.4691e-10 2
6.8219e+12 2.4961e+13 5689.7 7.375e+10 7.3079e-10 2
6.8956e+12 2.5534e+13 5685.5 7.375e+10 7.1518e-10 2
6.9694e+12 2.6107e+13 5681.2 7.375e+10 7.0006e-10 2
7.0431e+12 2.6596e+13 5678 7.375e+10 6.8542e-10 2
7.1169e+12 2.7196e+13 5673.4 7.375e+10 6.7123e-10 2
7.1906e+12 2.7795e+13 5668.8 7.375e+10 6.5747e-10 2
7.2644e+12 2.8395e+13 5664.2 7.375e+10 6.4413e-10 2
7.3381e+12 2.8918e+13 5660.5 7.375e+10 6.3119e-10 2
7.4119e+12 2.9546e+13 5655.6 7.375e+10 6.1863e-10 2
7.4856e+12 3.0174e+13 5650.6 7.375e+10 6.0644e-10 2
7.5594e+12 3.0703e+13 5646.9 7.375e+10 5.9461e-10 2
7.6331e+12 3.1361e+13 5641.6 7.375e+10 5.8311e-10 2
7.7069e+12 3.2018e+13 5636.3 7.375e+10 5.7195e-10 2
7.7806e+12 3.2676e+13 5631 7.375e+10 5.611e-10 2
7.8544e+12 3.3241e+13 5626.8 7.375e+10 5.5055e-10 2
7.9281e+12 3.393e+13 5621.1 7.375e+10 5.403e-10 2
8.0019e+12 3.4619e+13 5615.4 7.375e+10 5.3033e-10 2
8.0756e+12 3.5187e+13 5611.2 7.375e+10 5.2063e-10 2
8.1494e+12 3.591e+13 5605.1 7.375e+10 5.1119e-10 2
8.2231e+12 3.6633e+13 5599 7.375e+10 5.0201e-10 2
8.2969e+12 3.7356e+13 5593 7.375e+10 4.9307e-10 2
8.3706e+12 3.7961e+13 5588.2 7.375e+10 4.8436e-10 2
8.4444e+12 3.872e+13 5581.8 7.375e+10 4.7588e-10 2
8.5181e+12 3.9479e+13 5575.3 7.375e+10 4.6762e-10 2
8.5919e+12 4.0237e+13 5568.8 7.375e+10 4.5958e-10 2
8.6656e+12 4.0881e+13 5563.6 7.375e+10 4.5173e-10 2
8.7394e+12 4.1678e+13 5556.7 7.375e+10 4.4409e-10 2
8.8131e+12 4.2475e+13 5549.9 7.375e+10 4.3663e-10 2
8.8869e+12 4.3119e+13 5544.6 7.375e+10 4.2936e-10 2
8.9606e+12 4.3957e+13 5537.3 7.375e+10 4.2227e-10 2
9.0344e+12 4.4795e+13 5529.9 7.375e+10 4.1535e-10 2
9.1081e+12 4.5633e+13 5522.6 7.375e+10 4.086e-10 2
9.1819e+12 4.6316e+13 5516.9 7.375e+10 4.0201e-10 2
9.2556e+12 4.7198e+13 5509.1 7.375e+10 3.9558e-10 2
9.3294e+12 4.808e+13 5501.3 7.375e+10 3.893e-10 2
9.4031e+12 4.8962e+13 5493.6 7.375e+10 3.8316e-10 2
9.4769e+12 4.9686e+13 5487.3 7.375e+10 3.7717e-10 2
9.5506e+12 5.0616e+13 5479.1 7.375e+10 3.7132e-10 2
9.6244e+12 5.1545e+13 5470.8 7.375e+10 3.656e-10 2
9.6981e+12 5.2474e+13 5462.6 7.375e+10 3.6001e-10 2
9.7719e+12 5.3242e+13 5455.9 7.375e+10 3.5455e-10 2
9.8456e+12 5.4222e+13 5447.2 7.375e+10 3.4921e-10 2
9.9194e+12 5.5202e+13 5438.4 7.375e+10 3.4398e-10 2
9.9931e+12 5.6182e+13 5429.7 7.375e+10 3.3888e-10 2
1.0067e+13 5.6996e+13 5422.5 7.375e+10 3.3388e-10 2
1.0141e+13 5.8031e+13 5413.2 7.375e+10 3.29e-10 2
1.0214e+13 5.9066e+13 5404 7.375e+10 3.2421e-10 2
1.0288e+13 6.01e+13 5394.8 7.375e+10 3.1954e-10 2
1.0362e+13 6.0962e+13 5387 7.375e+10 3.1496e-10 2
1.0436e+13 6.2056e+13 5377.3 7.375e+10 3.1047e-10 2
1.0509e+13 6.315e+13 5367.5 7.375e+10 3.0609e-10 2
1.0583e+13 6.3999e+13 5359.8 7.375e+10 3.0179e-10 2
1.0657e+13 6.5156e+13 5349.5 7.375e+10 2.9758e-10 2
1.0731e+13 6.6314e+13 5339.2 7.375e+10 2.9346e-10 2
1.0804e+13 6.7471e+13 5328.9 7.375e+10 2.8942e-10 2
1.0878e+13 6.8369e+13 5320.7 7.375e+10 2.8546e-10 2
1.0952e+13 6.9595e+13 5309.9 7.375e+10 2.8159e-10 2
1.1026e+13 7.0821e+13 5299 7.375e+10 2.7779e-10 2
1.1099e+13 7.2047e+13 5288.2 7.375e+10 2.7407e-10 2
1.1173e+13 7.2997e+13 5279.4 7.375e+10 2.7042e-10 2
1.1247e+13 7.4297e+13 5268 7.375e+10 2.6684e-10 2
1.1321e+13 7.5598e+13 5256.6 7.375e+10 2.6333e-10 2
1.1394e+13 7.6898e+13 5245.2 7.375e+10 2.5989e-10 2
1.1468e+13 7.7902e+13 5235.9 7.375e+10 2.5651e-10 2
1.1542e+13 7.9283e+13 5223.9 7.375e+10 2.532e-10 2
1.1616e+13 8.0664e+13 5211.9 7.375e+10 2.4996e-10 2
1.1689e+13 8.2045e+13 5199.9 7.375e+10 2.4677e-10 2
1.1763e+13 8.3106e+13 5190.1 7.375e+10 2.4364e-10 2
1.1837e+13 8.4575e+13 5177.5 7.375e+10 2.4058e-10 2
1.1911e+13 8.6043e+13 5164.9 7.375e+10 2.3756e-10 2
1.1984e+13 8.7512e+13 5152.3 7.375e+10 2.3461e-10 2
1.2058e+13 8.8633e+13 5141.9 7.375e+10 2.3171e-10 2
1.2132e+13 9.0197e+13 5128.7 7.375e+10 2.2886e-10 2
1.2206e+13 9.176e+13 5115.5 7.375e+10 2.2606e-10 2
1.2279e+13 9.3324e+13 5102.3 7.375e+10 2.2331e-10 2
1.2353e+13 9.451e+13 5091.4 7.375e+10 2.2061e-10 2
1.2427e+13 9.6177e+13 5077.5 7.375e+10 2.1796e-10 2
1.2501e+13 9.7844e+13 5063.7 7.375e+10 2.1536e-10 2
1.2574e+13 9.9511e+13 5049.8 7.375e+10 2.128e-10 2
1.2648e+13 1.0076e+14 5038.3 7.375e+10 2.1029e-10 2
1.2722e+13 1.0254e+14 5023.8 7.375e+10 2.0782e-10 2
1.2796e+13 1.0432e+14 5009.3 7.375e+10 2.0539e-10 2
1.2869e+13 1.061e+14 4994.8 7.375e+10 2.0301e-10 2
1.2943e+13 1.0743e+14 4982.8 7.375e+10 2.0066e-10 2
1.3017e+13 1.0933e+14 4967.6 7.375e+10 1.9836e-10 2
1.3091e+13 1.1123e+14 4952.4 7.375e+10 1.9609e-10 2
1.3164e+13 1.1314e+14 4937.3 7.375e+10 1.9386e-10 2
1.3238e+13 1.1454e+14 4924.6 7.375e+10 1.9167e-10 2
1.3312e+13 1.1658e+14 4908.8 7.375e+10 1.8952e-10 2
1.3386e+13 1.1861e+14 4892.9 7.375e+10 1.874e-10 2
1.3459e+13 1.2065e+14 4877.1 7.375e+10 1.8531e-10 2
1.3533e+13 1.2214e+14 4863.8 7.375e+10 1.8326e-10 2
1.3607e+13 1.2432e+14 4847.3 7.375e+10 1.8124e-10 2
1.3681e+13 1.265e+14 4830.7 7.375e+10 1.7926e-10 2
1.3754e+13 1.2869e+14 4814.2 7.375e+10 1.7731e-10 2
1.3828e+13 1.3027e+14 4800.2 7.375e+10 1.7539e-10 2
1.3902e+13 1.3261e+14 4783 7.375e+10 1.7349e-10 2
1.3976e+13 1.3495e+14 4765.7 7.375e+10 1.7163e-10 2
1.4049e+13 1.373e+14 4748.5 7.375e+10 1.698e-10 2
1.4123e+13 1.3899e+14 4733.7 7.375e+10 1.68e-10 2
1.4197e+13 1.415e+14 4715.8 7.375e+10 1.6622e-10 2
1.4271e+13 1.4402e+14 4698 7.375e+10 1.6447e-10 2
1.4344e+13 1.4653e+14 4680.1 7.375e+10 1.6275e-10 2
1.4418e+13 1.4834e+14 4664.4 7.375e+10 1.6106e-10 2
1.4492e+13 1.5104e+14 4646 7.375e+10 1.5939e-10 2
1.4566e+13 1.5373e+14 4627.6 7.375e+10 1.5775e-10 2
1.4639e+13 1.5643e+14 4609.2 7.375e+10 1.5613e-10 2
1.4713e+13 1.5837e+14 4592.7 7.375e+10 1.5453e-10 2
1.4787e+13 1.6126e+14 4573.8 7.375e+10 1.5296e-10 2
1.4861e+13 1.6415e+14 4554.9 7.375e+10 1.5141e-10 2
1.4934e+13 1.6705e+14 4536.1 7.375e+10 1.4989e-10 2
1.5008e+13 1.6912e+14 4518.8 7.375e+10 1.4839e-10 2
1.5082e+13 1.7222e+14 4499.5 7.375e+10 1.4691e-10 2
1.5156e+13 1.7532e+14 4480.2 7.375e+10 1.4545e-10 2
1.5229e+13 1.7842e+14 4460.9 7.375e+10 1.4401e-10 2
1.5303e+13 1.8065e+14 4443 7.375e+10 1.4259e-10 2
1.5377e+13 1.8397e+14 4423.4 7.375e+10 1.412e-10 2
1.5451e+13 1.8729e+14 4403.7 7.375e+10 1.3982e-10 2
1.5524e+13 1.9061e+14 4384.1 7.375e+10 1.3847e-10 2
1.5598e+13 1.93e+14 4365.6 7.375e+10 1.3713e-10 2
1.5672e+13 1.9656e+14 4345.6 7.375e+10 1.3581e-10 2
1.5746e+13 2.0011e+14 4325.7 7.375e+10 1.3451e-10 2
1.5819e+13 2.0367e+14 4305.8 7.375e+10 1.3323e-10 2
1.5893e+13 2.0624e+14 4286.7 7.375e+10 1.3196e-10 2
1.5967e+13 2.1005e+14 4266.6 7.375e+10 1.3072e-10 2
1.6041e+13 2.1385e+14 4246.5 7.375e+10 1.2949e-10 2
1.6114e+13 2.1765e+14 4226.3 7.375e+10 1.2827e-10 2
1.6188e+13 2.2042e+14 4206.8 7.375e+10 1.2708e-10 2
1.6262e+13 2.2449e+14 4186.5 7.375e+10 1.259e-10 2
1.6336e+13 2.2855e+14 4166.2 7.375e+10 1.2473e-10 2
1.6409e+13 2.3262e+14 4145.9 7.375e+10 1.2358e-10 2
1.6483e+13 2.356e+14 4126 7.375e+10 1.2245e-10 2
1.6557e+13 2.3994e+14 4105.6 7.375e+10 1.2133e-10 2
1.6631e+13 2.4429e+14 4085.3 7.375e+10 1.2023e-10 2
1.6704e+13 2.4864e+14 4064.9 7.375e+10 1.1914e-10 2
1.6778e+13 2.5185e+14 4044.6 7.375e+10 1.1807e-10 2
1.6852e+13 2.5648e+14 4024.2 7.375e+10 1.1701e-10 2
1.6926e+13 2.6112e+14 4003.8 7.375e+10 1.1596e-10 2
1.6999e+13 2.6576e+14 3983.5 7.375e+10 1.1493e-10 2
1.7073e+13 2.6922e+14 3962.9 7.375e+10 1.1391e-10 2
1.7147e+13 2.7417e+14 3942.6 7.375e+10 1.129e-10 2
1.7221e+13 2.7912e+14 3922.3 7.375e+10 1.1191e-10 2
1.7294e+13 2.8406e+14 3901.9 7.375e+10 1.1093e-10 2
1.7368e+13 2.878e+14 3881.2 7.375e+10 1.0996e-10 2
1.7442e+13 2.9307e+14 3861 7.375e+10 1.0901e-10 2
1.7516e+13 2.9833e+14 3840.8 7.375e+10 1.0806e-10 2
1.7589e+13 3.036e+14 3820.5 7.375e+10 1.0713e-10 2
1.7663e+13 3.0764e+14 3799.7 7.375e+10 1.0621e-10 2
1.7737e+13 3.1324e+14 3779.6 7.375e+10 1.053e-10 2
1.7811e+13 3.1885e+14 3759.6 7.375e+10 1.0441e-10 2
1.7884e+13 3.2445e+14 3739.6 7.375e+10 1.0352e-10 2
1.7958e+13 3.2882e+14 3718.7 7.375e+10 1.0264e-10 2
1.8032e+13 3.3477e+14 3698.9 7.375e+10 1.0178e-10 2
1.8106e+13 3.4072e+14 3679.1 7.375e+10 1.0093e-10 2
1.8179e+13 3.4666e+14 3659.3 7.375e+10 1.0008e-10 2
1.8253e+13 3.5139e+14 3638.5 7.375e+10 9.9249e-11 2
1.8327e+13 3.577e+14 3619 7.375e+10 9.8425e-11 2
1.8401e+13 3.64e+14 3599.5 7.375e+10 9.7612e-11 2
1.8474e+13 3.7031e+14 3579.9 7.375e+10 9.6808e-11 2
1.8548e+13 3.7542e+14 3559.3 7.375e+10 9.6014e-11 2
1.8622e+13 3.821e+14 3540.1 7.375e+10 9.5229e-11 2
1.8696e+13 3.8877e+14 3521 7.375e+10 9.4453e-11 2
1.8769e+13 3.9545e+14 3501.8 7.375e+10 9.3687e-11 2
1.8843e+13 4.0096e+14 3481.4 7.375e+10 9.293e-11 2
1.8917e+13 4.0802e+14 3462.7 7.375e+10 9.2181e-11 2
1.8991e+13 4.1507e+14 3443.9 7.375e+10 9.1441e-11 2
1.9064e+13 4.2213e+14 3425.2 7.375e+10 9.071e-11 2
1.9138e+13 4.2801e+14 3405.2 7.375e+10 8.9987e-11 2
1.9212e+13 4.3547e+14 3386.9 7.375e+10 8.9273e-11 2
1.9286e+13 4.4294e+14 3368.6 7.375e+10 8.8567e-11 2
1.9359e+13 4.4876e+14 3348.8 7.375e+10 8.7869e-11 2
1.9433e+13 4.5668e+14 3330.9 7.375e+10 8.7178e-11 2
1.9507e+13 4.646e+14 3312.9 7.375e+10 8.6496e-11 2
1.9581e+13 4.7252e+14 3295 7.375e+10 8.5821e-11 2
1.9654e+13 4.7876e+14 3275.8 7.375e+10 8.5154e-11 2
1.9728e+13 4.8718e+14 3258.2 7.375e+10 8.4494e-11 2
1.9802e+13 4.9561e+14 3240.7 7.375e+10 8.3842e-11 2
1.9876e+13 5.0403e+14 3223.2 7.375e+10 8.3197e-11 2
1.9949e+13 5.1077e+14 3204.5 7.375e+10 8.2559e-11 2
2.0023e+13 5.1975e+14 3187.4 7.375e+10 8.1929e-11 2
2.0097e+13 5.2873e+14 3170.2 7.375e+10 8.1305e-11 2
2.0171e+13 5.3771e+14 3153.1 7.375e+10 8.0688e-11 2
2.0244e+13 5.4505e+14 3134.9 7.375e+10 8.0077e-11 2
2.0318e+13 5.5464e+14 3118.2 7.375e+10 7.9474e-11 2
2.0392e+13 5.6423e+14 3101.5 7.375e+10 7.8877e-11 2
2.0466e+13 5.7161e+14 3083.5 7.375e+10 7.8286e-11 2
2.0539e+13 5.8188e+14 3067.1 7.375e+10 7.7702e-11 2
2.0613e+13 5.9214e+14 3050.7 7.375e+10 7.7124e-11 2
2.0687e+13 6.024e+14 3034.4 7.375e+10 7.6552e-11 2
2.0761e+13 6.1055e+14 3016.9 7.375e+10 7.5986e-11 2
2.0834e+13 6.2155e+14 3000.9 7.375e+10 7.5427e-11 2
2.0908e+13 6.3255e+14 2984.9 7.375e+10 7.4873e-11 2
2.0982e+13 6.4081e+14 2967.7 7.375e+10 7.4325e-11 2
2.1056e+13 6.5261e+14 2952.1 7.375e+10 7.3783e-11 2
2.1129e+13 6.6442e+14 2936.4 7.375e+10 7.3246e-11 2
2.1203e+13 6.7622e+14 2920.8 7.375e+10 7.2715e-11 2
2.1277e+13 6.8548e+14 2904.1 7.375e+10 7.219e-11 2
2.1351e+13 6.9816e+14 2888.8 7.375e+10 7.167e-11 2
2.1424e+13 7.1084e+14 2873.5 7.375e+10 7.1156e-11 2
2.1498e+13 7.2032e+14 2857.1 7.375e+10 7.0646e-11 2
2.1572e+13 7.3396e+14 2842.2 7.375e+10 7.0142e-11 2
2.1646e+13 7.4759e+14 2827.2 7.375e+10 6.9644e-11 2
2.1719e+13 7.6123e+14 2812.3 7.375e+10 6.915e-11 2
2.1793e+13 7.72e+14 2796.4 7.375e+10 6.8661e-11 2
2.1867e+13 7.8668e+14 2781.8 7.375e+10 6.8177e-11 2
2.1941e+13 8.0135e+14 2767.1 7.375e+10 6.7698e-11 2
2.2014e+13 8.1251e+14 2751.5 7.375e+10 6.7224e-11 2
2.2088e+13 8.2831e+14 2737.2 7.375e+10 6.6755e-11 2
2.2162e+13 8.441e+14 2722.9 7.375e+10 6.629e-11 2
2.2236e+13 8.599e+14 2708.6 7.375e+10 6.583e-11 2
2.2309e+13 8.7273e+14 2693.6 7.375e+10 6.5375e-11 2
2.2383e+13 8.8973e+14 2679.6 7.375e+10 6.4924e-11 2
2.2457e+13 9.0674e+14 2665.6 7.375e+10 6.4477e-11 2
2.2531e+13 9.2021e+14 2650.8 7.375e+10 6.4035e-11 2
2.2604e+13 9.3851e+14 2637.1 7.375e+10 6.3597e-11 2
2.2678e+13 9.5682e+14 2623.5 7.375e+10 6.3164e-11 2
2.2752e+13 9.7119e+14 2609.2 7.375e+10 6.2735e-11 2
2.2826e+13 9.9084e+14 2595.7 7.375e+10 6.2309e-11 2
2.2899e+13 1.0105e+15 2582.3 7.375e+10 6.1888e-11 2
2.2973e+13 1.026e+15 2568.6 7.375e+10 6.1472e-11 2
2.3047e+13 1.047e+15 2555.2 7.375e+10 6.1059e-11 2
2.3121e+13 1.068e+15 2541.9 7.375e+10 6.065e-11 2
2.3194e+13 1.0889e+15 2528.5 7.375e+10 6.0245e-11 2
2.3268e+13 1.107e+15 2515.3 7.375e+10 5.9843e-11 2
2.3342e+13 1.1293e+15 2501.8 7.375e+10 5.9446e-11 2
2.3416e+13 1.1515e+15 2488.4 7.375e+10 5.9052e-11 2
2.3489e+13 1.1709e+15 2475.4 7.375e+10 5.8662e-11 2
2.3563e+13 1.1944e+15 2461.7 7.375e+10 5.8276e-11 2
2.3637e+13 1.2179e+15 2448 7.375e+10 5.7894e-11 2
2.3711e+13 1.2385e+15 2435.2 7.375e+10 5.7515e-11 2
2.3784e+13 1.2633e+15 2421.1 7.375e+10 5.7139e-11 2
2.3858e+13 1.2881e+15 2407 7.375e+10 5.6767e-11 2
2.3932e+13 1.31e+15 2394.1 7.375e+10 5.6398e-11 2
2.4006e+13 1.336e+15 2379.5 7.375e+10 5.6033e-11 2
2.4079e+13 1.362e+15 2364.9 7.375e+10 5.5671e-11 2
2.4153e+13 1.3854e+15 2351.7 7.375e+10 5.5313e-11 2
2.4227e+13 1.4127e+15 2336.5 7.375e+10 5.4958e-11 2
2.4301e+13 1.4399e+15 2321.2 7.375e+10 5.4606e-11 2
2.4374e+13 1.4647e+15 2307.5 7.375e+10 5.4257e-11 2
2.4448e+13 1.4932e+15 2291.5 7.375e+10 5.3911e-11 2
2.4522e+13 1.5182e+15 2277.9 7.375e+10 5.3569e-11 2
2.4596e+13 1.548e+15 2261.1 7.375e+10 5.323e-11 2
2.4669e+13 1.5778e+15 2244.3 7.375e+10 5.2893e-11 2
2.4743e+13 1.6044e+15 2229.8 7.375e+10 5.256e-11 2
2.4817e+13 1.6355e+15 2212 7.375e+10 5.223e-11 2
2.4891e+13 1.6666e+15 2194.3 7.375e+10 5.1902e-11 2
2.4964e+13 1.6949e+15 2178.7 7.375e+10 5.1578e-11 2
2.5038e+13 1.7274e+15 2159.9 7.375e+10 5.1256e-11 2
2.5112e+13 1.76e+15 2141.2 7.375e+10 5.0937e-11 2
2.5186e+13 1.79e+15 2124.2 7.375e+10 5.0621e-11 2
2.5259e+13 1.8241e+15 2104.3 7.375e+10 5.0308e-11 2
2.5333e+13 1.8546e+15 2087 7.375e+10 4.9998e-11 2
2.5407e+13 1.8903e+15 2066 7.375e+10 4.969e-11 2
2.5481e+13 1.926e+15 2044.9 7.375e+10 4.9385e-11 2
2.5554e+13 1.9587e+15 2025.9 7.375e+10 4.9083e-11 2
2.5628e+13 1.9962e+15 2003.6 7.375e+10 4.8783e-11 2
2.5702e+13 2.0285e+15 1983.7 7.375e+10 4.8486e-11 2
2.5776e+13 2.0686e+15 1960.2 7.375e+10 4.8191e-11 2
2.5849e+13 2.1087e+15 1936.7 7.375e+10 4.7899e-11 2
2.5923e+13 2.1434e+15 1914.7 7.375e+10 4.7609e-11 2
2.5997e+13 2.1875e+15 1890 7.375e+10 4.7322e-11 2
2.6071e+13 2.2229e+15 1867 7.375e+10 4.7038e-11 2
2.6144e+13 2.2726e+15 1841.2 7.375e+10 4.6755e-11 2
2.6218e+13 2.3097e+15 1817.2 7.375e+10 4.6475e-11 2
2.6292e+13 2.3667e+15 1790.4 7.375e+10 4.6198e-11 2
2.6366e+13 2.407e+15 1765.3 7.375e+10 4.5923e-11 2
2.6439e+13 2.4731e+15 1737.5 7.375e+10 4.565e-11 2
2.6513e+13 2.5185e+15 1711.4 7.375e+10 4.5379e-11 2
2.6587e+13 2.5958e+15 1682.7 7.375e+10 4.5111e-11 2
2.6661e+13 2.6488e+15 1655.6 7.375e+10 4.4845e-11 2
2.6734e+13 2.7394e+15 1626.1 7.375e+10 4.4581e-11 2
2.6808e+13 2.8032e+15 1597.9 7.375e+10 4.4319e-11 2
2.6882e+13 2.9094e+15 1567.6 7.375e+10 4.406e-11 2
2.6956e+13 2.9879e+15 1538.3 7.375e+10 4.3803e-11 2
2.7029e+13 3.1124e+15 1507.3 7.375e+10 4.3547e-11 2
2.7103e+13 3.2105e+15 1477.1 7.375e+10 4.3294e-11 2
2.7177e+13 3.356e+15 1445.3 7.375e+10 4.3043e-11 2
2.7251e+13 3.4798e+15 1414.2 7.375e+10 4.2794e-11 2
2.7324e+13 3.6088e+15 1382.6 7.375e+10 4.2547e-11 2
2.7398e+13 3.8059e+15 1349.7 7.375e+10 4.2302e-11 2
2.7472e+13 3.9727e+15 1317.2 7.375e+10 4.2059e-11 2
2.7546e+13 4.1523e+15 1284.4 7.375e+10 4.1818e-11 2
2.7619e+13 4.415e+15 1250.4 7.375e+10 4.1579e-11 2
2.7693e+13 4.6495e+15 1216.8 7.375e+10 4.1342e-11 2
2.7767e+13 4.9116e+15 1182.9 7.375e+10 4.1106e-11 2
2.7841e+13 5.2503e+15 1147.8 7.375e+10 4.0873e-11 2
2.7914e+13 5.5819e+15 1112.8 7.375e+10 4.0641e-11 2
2.7988e+13 5.9473e+15 1077.2 7.375e+10 4.0412e-11 2
2.8062e+13 6.3486e+15 1040.8 7.375e+10 4.0184e-11 2
2.8136e+13 6.7879e+15 1003.4 7.375e+10 3.9958e-11 2
2.8209e+13 7.267e+15 964.97 7.375e+10 3.9733e-11 2
2.8283e+13 7.7694e+15 925.85 7.375e+10 3.9511e-11 2
2.8357e+13 8.3438e+15 884.66 7.375e+10 3.929e-11 2
2.8431e+13 8.9565e+15 842.37 7.375e+10 3.9071e-11 2
2.8504e+13 9.6273e+15 798.5 7.375e+10 3.8854e-11 2
2.8578e+13 1.0363e+16 752.98 7.375e+10 3.8638e-11 2
2.8652e+13 1.118e+16 705.64 7.375e+10 3.8424e-11 2
2.8726e+13 1.2097e+16 656.33 7.375e+10 3.8212e-11 2
2.8799e+13 1.3144e+16 604.94 7.375e+10 3.8001e-11 2
2.8873e+13 1.4369e+16 551.28 7.375e+10 3.7792e-11 2
2.8947e+13 1.5943e+16 494.91 7.375e+10 3.7584e-11 2
2.9021e+13 1.8253e+16 434.99 7.375e+10 3.7378e-11 2
2.9094e+13 2.1974e+16 370.75 7.375e+10 3.7174e-11 2
2.9168e+13 2.867e+16 301.2 7.375e+10 3.6971e-11 2
2.9242e+13 4.2036e+16 225.67 7.375e+10 3.677e-11 2
2.9316e+13 7.5848e+16 143.26 7.375e+10 3.6571e-11 2
2.9389e+13 2.4393e+17 53.146 7.375e+10 3.6372e-11 2
