200
0 0 1e-08 0 1e-08 1e-08 0 1e-08 0 1
0 1e-08 1e-08 1e-08 1e-08 2e-08 0 2e-08 0 1
0 2e-08 1e-08 2e-08 1e-08 3e-08 0 3e-08 0 1
0 3e-08 1e-08 3e-08 1e-08 4e-08 0 4e-08 0 1
0 4e-08 1e-08 4e-08 1e-08 5e-08 0 5e-08 0 1
0 5e-08 1e-08 5e-08 1e-08 6e-08 0 6e-08 0 1
0 6e-08 1e-08 6e-08 1e-08 7e-08 0 7e-08 0 1
0 7e-08 1e-08 7e-08 1e-08 8e-08 0 8e-08 0 1
0 8e-08 1e-08 8e-08 1e-08 9e-08 0 9e-08 0 1
0 9e-08 1e-08 9e-08 1e-08 1e-07 0 1e-07 0 1
1e-08 0 2e-08 0 2e-08 1e-08 1e-08 1e-08 0 1
1e-08 1e-08 2e-08 1e-08 2e-08 2e-08 1e-08 2e-08 0 1
1e-08 2e-08 2e-08 2e-08 2e-08 3e-08 1e-08 3e-08 0 1
1e-08 3e-08 2e-08 3e-08 2e-08 4e-08 1e-08 4e-08 0 1
1e-08 4e-08 2e-08 4e-08 2e-08 5e-08 1e-08 5e-08 0 1
1e-08 5e-08 2e-08 5e-08 2e-08 6e-08 1e-08 6e-08 0 1
1e-08 6e-08 2e-08 6e-08 2e-08 7e-08 1e-08 7e-08 0 1
1e-08 7e-08 2e-08 7e-08 2e-08 8e-08 1e-08 8e-08 0 1
1e-08 8e-08 2e-08 8e-08 2e-08 9e-08 1e-08 9e-08 0 1
1e-08 9e-08 2e-08 9e-08 2e-08 1e-07 1e-08 1e-07 0 1
2e-08 0 3e-08 0 3e-08 1e-08 2e-08 1e-08 0 1
2e-08 1e-08 3e-08 1e-08 3e-08 2e-08 2e-08 2e-08 0 1
2e-08 2e-08 3e-08 2e-08 3e-08 3e-08 2e-08 3e-08 0 1
2e-08 3e-08 3e-08 3e-08 3e-08 4e-08 2e-08 4e-08 0 1
2e-08 4e-08 3e-08 4e-08 3e-08 5e-08 2e-08 5e-08 0 1
2e-08 5e-08 3e-08 5e-08 3e-08 6e-08 2e-08 6e-08 0 1
2e-08 6e-08 3e-08 6e-08 3e-08 7e-08 2e-08 7e-08 0 1
2e-08 7e-08 3e-08 7e-08 3e-08 8e-08 2e-08 8e-08 0 1
2e-08 8e-08 3e-08 8e-08 3e-08 9e-08 2e-08 9e-08 0 1
2e-08 9e-08 3e-08 9e-08 3e-08 1e-07 2e-08 1e-07 0 1
3e-08 0 4e-08 0 4e-08 1e-08 3e-08 1e-08 0 1
3e-08 1e-08 4e-08 1e-08 4e-08 2e-08 3e-08 2e-08 0 1
3e-08 2e-08 4e-08 2e-08 4e-08 3e-08 3e-08 3e-08 0 1
3e-08 3e-08 4e-08 3e-08 4e-08 4e-08 3e-08 4e-08 0 1
3e-08 4e-08 4e-08 4e-08 4e-08 5e-08 3e-08 5e-08 0 1
3e-08 5e-08 4e-08 5e-08 4e-08 6e-08 3e-08 6e-08 0 1
3e-08 6e-08 4e-08 6e-08 4e-08 7e-08 3e-08 7e-08 0 1
3e-08 7e-08 4e-08 7e-08 4e-08 8e-08 3e-08 8e-08 0 1
3e-08 8e-08 4e-08 8e-08 4e-08 9e-08 3e-08 9e-08 0 1
3e-08 9e-08 4e-08 9e-08 4e-08 1e-07 3e-08 1e-07 0 1
4e-08 0 5e-08 0 5e-08 1e-08 4e-08 1e-08 0 1
4e-08 1e-08 5e-08 1e-08 5e-08 2e-08 4e-08 2e-08 0 1
4e-08 2e-08 5e-08 2e-08 5e-08 3e-08 4e-08 3e-08 0 1
4e-08 3e-08 5e-08 3e-08 5e-08 4e-08 4e-08 4e-08 0 1
4e-08 4e-08 5e-08 4e-08 5e-08 5e-08 4e-08 5e-08 0 1
4e-08 5e-08 5e-08 5e-08 5e-08 6e-08 4e-08 6e-08 0 1
4e-08 6e-08 5e-08 6e-08 5e-08 7e-08 4e-08 7e-08 0 1
4e-08 7e-08 5e-08 7e-08 5e-08 8e-08 4e-08 8e-08 0 1
4e-08 8e-08 5e-08 8e-08 5e-08 9e-08 4e-08 9e-08 0 1
4e-08 9e-08 5e-08 9e-08 5e-08 1e-07 4e-08 1e-07 0 1
5e-08 0 6e-08 0 6e-08 1e-08 5e-08 1e-08 0 1
5e-08 1e-08 6e-08 1e-08 6e-08 2e-08 5e-08 2e-08 0 1
5e-08 2e-08 6e-08 2e-08 6e-08 3e-08 5e-08 3e-08 0 1
5e-08 3e-08 6e-08 3e-08 6e-08 4e-08 5e-08 4e-08 0 1
5e-08 4e-08 6e-08 4e-08 6e-08 5e-08 5e-08 5e-08 0 1
5e-08 5e-08 6e-08 5e-08 6e-08 6e-08 5e-08 6e-08 0 1
5e-08 6e-08 6e-08 6e-08 6e-08 7e-08 5e-08 7e-08 0 1
5e-08 7e-08 6e-08 7e-08 6e-08 8e-08 5e-08 8e-08 0 1
5e-08 8e-08 6e-08 8e-08 6e-08 9e-08 5e-08 9e-08 0 1
5e-08 9e-08 6e-08 9e-08 6e-08 1e-07 5e-08 1e-07 0 1
6e-08 0 7e-08 0 7e-08 1e-08 6e-08 1e-08 0 1
6e-08 1e-08 7e-08 1e-08 7e-08 2e-08 6e-08 2e-08 0 1
6e-08 2e-08 7e-08 2e-08 7e-08 3e-08 6e-08 3e-08 0 1
6e-08 3e-08 7e-08 3e-08 7e-08 4e-08 6e-08 4e-08 0 1
6e-08 4e-08 7e-08 4e-08 7e-08 5e-08 6e-08 5e-08 0 1
6e-08 5e-08 7e-08 5e-08 7e-08 6e-08 6e-08 6e-08 0 1
6e-08 6e-08 7e-08 6e-08 7e-08 7e-08 6e-08 7e-08 0 1
6e-08 7e-08 7e-08 7e-08 7e-08 8e-08 6e-08 8e-08 0 1
6e-08 8e-08 7e-08 8e-08 7e-08 9e-08 6e-08 9e-08 0 1
6e-08 9e-08 7e-08 9e-08 7e-08 1e-07 6e-08 1e-07 0 1
7e-08 0 8e-08 0 8e-08 1e-08 7e-08 1e-08 0 1
7e-08 1e-08 8e-08 1e-08 8e-08 2e-08 7e-08 2e-08 0 1
7e-08 2e-08 8e-08 2e-08 8e-08 3e-08 7e-08 3e-08 0 1
7e-08 3e-08 8e-08 3e-08 8e-08 4e-08 7e-08 4e-08 0 1
7e-08 4e-08 8e-08 4e-08 8e-08 5e-08 7e-08 5e-08 0 1
7e-08 5e-08 8e-08 5e-08 8e-08 6e-08 7e-08 6e-08 0 1
7e-08 6e-08 8e-08 6e-08 8e-08 7e-08 7e-08 7e-08 0 1
7e-08 7e-08 8e-08 7e-08 8e-08 8e-08 7e-08 8e-08 0 1
7e-08 8e-08 8e-08 8e-08 8e-08 9e-08 7e-08 9e-08 0 1
7e-08 9e-08 8e-08 9e-08 8e-08 1e-07 7e-08 1e-07 0 1
8e-08 0 9e-08 0 9e-08 1e-08 8e-08 1e-08 0 1
8e-08 1e-08 9e-08 1e-08 9e-08 2e-08 8e-08 2e-08 0 1
8e-08 2e-08 9e-08 2e-08 9e-08 3e-08 8e-08 3e-08 0 1
8e-08 3e-08 9e-08 3e-08 9e-08 4e-08 8e-08 4e-08 0 1
8e-08 4e-08 9e-08 4e-08 9e-08 5e-08 8e-08 5e-08 0 1
8e-08 5e-08 9e-08 5e-08 9e-08 6e-08 8e-08 6e-08 0 1
8e-08 6e-08 9e-08 6e-08 9e-08 7e-08 8e-08 7e-08 0 1
8e-08 7e-08 9e-08 7e-08 9e-08 8e-08 8e-08 8e-08 0 1
8e-08 8e-08 9e-08 8e-08 9e-08 9e-08 8e-08 9e-08 0 1
8e-08 9e-08 9e-08 9e-08 9e-08 1e-07 8e-08 1e-07 0 1
9e-08 0 1e-07 0 1e-07 1e-08 9e-08 1e-08 0 1
9e-08 1e-08 1e-07 1e-08 1e-07 2e-08 9e-08 2e-08 0 1
9e-08 2e-08 1e-07 2e-08 1e-07 3e-08 9e-08 3e-08 0 1
9e-08 3e-08 1e-07 3e-08 1e-07 4e-08 9e-08 4e-08 0 1
9e-08 4e-08 1e-07 4e-08 1e-07 5e-08 9e-08 5e-08 0 1
9e-08 5e-08 1e-07 5e-08 1e-07 6e-08 9e-08 6e-08 0 1
9e-08 6e-08 1e-07 6e-08 1e-07 7e-08 9e-08 7e-08 0 1
9e-08 7e-08 1e-07 7e-08 1e-07 8e-08 9e-08 8e-08 0 1
9e-08 8e-08 1e-07 8e-08 1e-07 9e-08 9e-08 9e-08 0 1
9e-08 9e-08 1e-07 9e-08 1e-07 1e-07 9e-08 1e-07 0 1
0 0 1e-08 0 1e-08 1e-08 0 1e-08 1 0
0 1e-08 1e-08 1e-08 1e-08 2e-08 0 2e-08 1 0
0 2e-08 1e-08 2e-08 1e-08 3e-08 0 3e-08 1 0
0 3e-08 1e-08 3e-08 1e-08 4e-08 0 4e-08 1 0
0 4e-08 1e-08 4e-08 1e-08 5e-08 0 5e-08 1 0
0 5e-08 1e-08 5e-08 1e-08 6e-08 0 6e-08 1 0
0 6e-08 1e-08 6e-08 1e-08 7e-08 0 7e-08 1 0
0 7e-08 1e-08 7e-08 1e-08 8e-08 0 8e-08 1 0
0 8e-08 1e-08 8e-08 1e-08 9e-08 0 9e-08 1 0
0 9e-08 1e-08 9e-08 1e-08 1e-07 0 1e-07 1 0
1e-08 0 2e-08 0 2e-08 1e-08 1e-08 1e-08 1 0
1e-08 1e-08 2e-08 1e-08 2e-08 2e-08 1e-08 2e-08 1 0
1e-08 2e-08 2e-08 2e-08 2e-08 3e-08 1e-08 3e-08 1 0
1e-08 3e-08 2e-08 3e-08 2e-08 4e-08 1e-08 4e-08 1 0
1e-08 4e-08 2e-08 4e-08 2e-08 5e-08 1e-08 5e-08 1 0
1e-08 5e-08 2e-08 5e-08 2e-08 6e-08 1e-08 6e-08 1 0
1e-08 6e-08 2e-08 6e-08 2e-08 7e-08 1e-08 7e-08 1 0
1e-08 7e-08 2e-08 7e-08 2e-08 8e-08 1e-08 8e-08 1 0
1e-08 8e-08 2e-08 8e-08 2e-08 9e-08 1e-08 9e-08 1 0
1e-08 9e-08 2e-08 9e-08 2e-08 1e-07 1e-08 1e-07 1 0
2e-08 0 3e-08 0 3e-08 1e-08 2e-08 1e-08 1 0
2e-08 1e-08 3e-08 1e-08 3e-08 2e-08 2e-08 2e-08 1 0
2e-08 2e-08 3e-08 2e-08 3e-08 3e-08 2e-08 3e-08 1 0
2e-08 3e-08 3e-08 3e-08 3e-08 4e-08 2e-08 4e-08 1 0
2e-08 4e-08 3e-08 4e-08 3e-08 5e-08 2e-08 5e-08 1 0
2e-08 5e-08 3e-08 5e-08 3e-08 6e-08 2e-08 6e-08 1 0
2e-08 6e-08 3e-08 6e-08 3e-08 7e-08 2e-08 7e-08 1 0
2e-08 7e-08 3e-08 7e-08 3e-08 8e-08 2e-08 8e-08 1 0
2e-08 8e-08 3e-08 8e-08 3e-08 9e-08 2e-08 9e-08 1 0
2e-08 9e-08 3e-08 9e-08 3e-08 1e-07 2e-08 1e-07 1 0
3e-08 0 4e-08 0 4e-08 1e-08 3e-08 1e-08 1 0
3e-08 1e-08 4e-08 1e-08 4e-08 2e-08 3e-08 2e-08 1 0
3e-08 2e-08 4e-08 2e-08 4e-08 3e-08 3e-08 3e-08 1 0
3e-08 3e-08 4e-08 3e-08 4e-08 4e-08 3e-08 4e-08 1 0
3e-08 4e-08 4e-08 4e-08 4e-08 5e-08 3e-08 5e-08 1 0
3e-08 5e-08 4e-08 5e-08 4e-08 6e-08 3e-08 6e-08 1 0
3e-08 6e-08 4e-08 6e-08 4e-08 7e-08 3e-08 7e-08 1 0
3e-08 7e-08 4e-08 7e-08 4e-08 8e-08 3e-08 8e-08 1 0
3e-08 8e-08 4e-08 8e-08 4e-08 9e-08 3e-08 9e-08 1 0
3e-08 9e-08 4e-08 9e-08 4e-08 1e-07 3e-08 1e-07 1 0
4e-08 0 5e-08 0 5e-08 1e-08 4e-08 1e-08 1 0
4e-08 1e-08 5e-08 1e-08 5e-08 2e-08 4e-08 2e-08 1 0
4e-08 2e-08 5e-08 2e-08 5e-08 3e-08 4e-08 3e-08 1 0
4e-08 3e-08 5e-08 3e-08 5e-08 4e-08 4e-08 4e-08 1 0
4e-08 4e-08 5e-08 4e-08 5e-08 5e-08 4e-08 5e-08 1 0
4e-08 5e-08 5e-08 5e-08 5e-08 6e-08 4e-08 6e-08 1 0
4e-08 6e-08 5e-08 6e-08 5e-08 7e-08 4e-08 7e-08 1 0
4e-08 7e-08 5e-08 7e-08 5e-08 8e-08 4e-08 8e-08 1 0
4e-08 8e-08 5e-08 8e-08 5e-08 9e-08 4e-08 9e-08 1 0
4e-08 9e-08 5e-08 9e-08 5e-08 1e-07 4e-08 1e-07 1 0
5e-08 0 6e-08 0 6e-08 1e-08 5e-08 1e-08 1 0
5e-08 1e-08 6e-08 1e-08 6e-08 2e-08 5e-08 2e-08 1 0
5e-08 2e-08 6e-08 2e-08 6e-08 3e-08 5e-08 3e-08 1 0
5e-08 3e-08 6e-08 3e-08 6e-08 4e-08 5e-08 4e-08 1 0
5e-08 4e-08 6e-08 4e-08 6e-08 5e-08 5e-08 5e-08 1 0
5e-08 5e-08 6e-08 5e-08 6e-08 6e-08 5e-08 6e-08 1 0
5e-08 6e-08 6e-08 6e-08 6e-08 7e-08 5e-08 7e-08 1 0
5e-08 7e-08 6e-08 7e-08 6e-08 8e-08 5e-08 8e-08 1 0
5e-08 8e-08 6e-08 8e-08 6e-08 9e-08 5e-08 9e-08 1 0
5e-08 9e-08 6e-08 9e-08 6e-08 1e-07 5e-08 1e-07 1 0
6e-08 0 7e-08 0 7e-08 1e-08 6e-08 1e-08 1 0
6e-08 1e-08 7e-08 1e-08 7e-08 2e-08 6e-08 2e-08 1 0
6e-08 2e-08 7e-08 2e-08 7e-08 3e-08 6e-08 3e-08 1 0
6e-08 3e-08 7e-08 3e-08 7e-08 4e-08 6e-08 4e-08 1 0
6e-08 4e-08 7e-08 4e-08 7e-08 5e-08 6e-08 5e-08 1 0
6e-08 5e-08 7e-08 5e-08 7e-08 6e-08 6e-08 6e-08 1 0
6e-08 6e-08 7e-08 6e-08 7e-08 7e-08 6e-08 7e-08 1 0
6e-08 7e-08 7e-08 7e-08 7e-08 8e-08 6e-08 8e-08 1 0
6e-08 8e-08 7e-08 8e-08 7e-08 9e-08 6e-08 9e-08 1 0
6e-08 9e-08 7e-08 9e-08 7e-08 1e-07 6e-08 1e-07 1 0
7e-08 0 8e-08 0 8e-08 1e-08 7e-08 1e-08 1 0
7e-08 1e-08 8e-08 1e-08 8e-08 2e-08 7e-08 2e-08 1 0
7e-08 2e-08 8e-08 2e-08 8e-08 3e-08 7e-08 3e-08 1 0
7e-08 3e-08 8e-08 3e-08 8e-08 4e-08 7e-08 4e-08 1 0
7e-08 4e-08 8e-08 4e-08 8e-08 5e-08 7e-08 5e-08 1 0
7e-08 5e-08 8e-08 5e-08 8e-08 6e-08 7e-08 6e-08 1 0
7e-08 6e-08 8e-08 6e-08 8e-08 7e-08 7e-08 7e-08 1 0
7e-08 7e-08 8e-08 7e-08 8e-08 8e-08 7e-08 8e-08 1 0
7e-08 8e-08 8e-08 8e-08 8e-08 9e-08 7e-08 9e-08 1 0
7e-08 9e-08 8e-08 9e-08 8e-08 1e-07 7e-08 1e-07 1 0
8e-08 0 9e-08 0 9e-08 1e-08 8e-08 1e-08 1 0
8e-08 1e-08 9e-08 1e-08 9e-08 2e-08 8e-08 2e-08 1 0
8e-08 2e-08 9e-08 2e-08 9e-08 3e-08 8e-08 3e-08 1 0
8e-08 3e-08 9e-08 3e-08 9e-08 4e-08 8e-08 4e-08 1 0
8e-08 4e-08 9e-08 4e-08 9e-08 5e-08 8e-08 5e-08 1 0
8e-08 5e-08 9e-08 5e-08 9e-08 6e-08 8e-08 6e-08 1 0
8e-08 6e-08 9e-08 6e-08 9e-08 7e-08 8e-08 7e-08 1 0
8e-08 7e-08 9e-08 7e-08 9e-08 8e-08 8e-08 8e-08 1 0
8e-08 8e-08 9e-08 8e-08 9e-08 9e-08 8e-08 9e-08 1 0
8e-08 9e-08 9e-08 9e-08 9e-08 1e-07 8e-08 1e-07 1 0
9e-08 0 1e-07 0 1e-07 1e-08 9e-08 1e-08 1 0
9e-08 1e-08 1e-07 1e-08 1e-07 2e-08 9e-08 2e-08 1 0
9e-08 2e-08 1e-07 2e-08 1e-07 3e-08 9e-08 3e-08 1 0
9e-08 3e-08 1e-07 3e-08 1e-07 4e-08 9e-08 4e-08 1 0
9e-08 4e-08 1e-07 4e-08 1e-07 5e-08 9e-08 5e-08 1 0
9e-08 5e-08 1e-07 5e-08 1e-07 6e-08 9e-08 6e-08 1 0
9e-08 6e-08 1e-07 6e-08 1e-07 7e-08 9e-08 7e-08 1 0
9e-08 7e-08 1e-07 7e-08 1e-07 8e-08 9e-08 8e-08 1 0
9e-08 8e-08 1e-07 8e-08 1e-07 9e-08 9e-08 9e-08 1 0
9e-08 9e-08 1e-07 9e-08 1e-07 1e-07 9e-08 1e-07 1 0
